-2761
-2745
-2728
-2711
-2693
-2675
-2658
-2640
-2623
-2604
-2586
-2567
-2547
-2527
-2506
-2481
-2454
-2426
-2400
-2376
-2355
-2337
-2320
-2301
-2280
-2258
-2235
-2210
-2183
-2155
-2126
-2096
-2065
-2033
-1997
-1963
-1929
-1898
-1866
-1835
-1802
-1769
-1736
-1703
-1672
-1642
-1615
-1591
-1570
-1553
-1538
-1528
-1520
-1517
-1517
-1522
-1532
-1546
-1563
-1583
-1606
-1632
-1662
-1694
-1728
-1761
-1794
-1829
-1863
-1899
-1938
-1981
-2025
-2068
-2108
-2148
-2187
-2224
-2259
-2291
-2323
-2352
-2381
-2407
-2429
-2450
-2473
-2494
-2515
-2534
-2551
-2568
-2583
-2596
-2610
-2623
-2636
-2648
-2660
-2672
-2682
-2692
-2701
-2709
-2716
-2724
-2731
-2738
-2744
-2749
-2755
-2760
-2765
-2770
-2774
-2780
-2784
-2787
-2788
-2790
-2791
-2793
-2798
-2808
-2821
-2834
-2847
-2860
-2873
-2884
-2894
-2903
-2910
-2916
-2921
-2924
-2923
-2922
-2920
-2921
-2922
-2922
-2921
-2920
-2918
-2914
-2909
-2904
-2900
-2897
-2894
-2892
-2890
-2888
-2886
-2884
-2882
-2880
-2878
-2877
-2876
-2875
-2874
-2873
-2873
-2872
-2871
-2870
-2870
-2870
-2871
-2872
-2871
-2869
-2867
-2865
-2863
-2865
-2872
-2880
-2888
-2896
-2902
-2908
-2912
-2913
-2911
-2908
-2902
-2895
-2884
-2870
-2855
-2839
-2824
-2806
-2788
-2767
-2746
-2722
-2698
-2672
-2648
-2623
-2597
-2572
-2546
-2520
-2493
-2464
-2435
-2405
-2374
-2343
-2312
-2279
-2248
-2214
-2181
-2148
-2115
-2080
-2046
-2011
-1978
-1945
-1911
-1874
-1837
-1803
-1771
-1743
-1718
-1696
-1674
-1651
-1628
-1606
-1584
-1562
-1541
-1521
-1504
-1489
-1477
-1467
-1462
-1463
-1468
-1478
-1492
-1509
-1530
-1553
-1578
-1607
-1639
-1673
-1708
-1743
-1781
-1819
-1858
-1894
-1931
-1966
-1999
-2032
-2064
-2096
-2126
-2156
-2184
-2214
-2242
-2268
-2293
-2316
-2338
-2361
-2386
-2415
-2446
-2476
-2505
-2532
-2560
-2584
-2607
-2628
-2647
-2665
-2681
-2696
-2707
-2717
-2728
-2737
-2747
-2754
-2761
-2767
-2771
-2775
-2778
-2782
-2786
-2790
-2794
-2798
-2802
-2804
-2807
-2810
-2811
-2813
-2815
-2818
-2820
-2821
-2823
-2826
-2827
-2829
-2831
-2834
-2839
-2842
-2843
-2844
-2845
-2845
-2847
-2853
-2863
-2874
-2885
-2895
-2905
-2915
-2924
-2931
-2937
-2942
-2946
-2948
-2947
-2944
-2942
-2940
-2940
-2939
-2938
-2936
-2934
-2931
-2927
-2922
-2918
-2915
-2912
-2909
-2907
-2905
-2903
-2900
-2895
-2890
-2886
-2883
-2880
-2877
-2875
-2873
-2871
-2869
-2867
-2865
-2862
-2858
-2855
-2849
-2841
-2832
-2821
-2808
-2797
-2788
-2781
-2775
-2766
-2757
-2747
-2736
-2724
-2709
-2692
-2673
-2652
-2629
-2604
-2575
-2546
-2516
-2488
-2458
-2428
-2397
-2365
-2331
-2297
-2262
-2228
-2193
-2159
-2125
-2090
-2056
-2021
-1985
-1950
-1912
-1877
-1840
-1804
-1769
-1735
-1700
-1665
-1630
-1597
-1564
-1533
-1501
-1468
-1438
-1414
-1394
-1380
-1373
-1375
-1382
-1393
-1409
-1430
-1456
-1487
-1520
-1556
-1592
-1632
-1670
-1707
-1743
-1781
-1820
-1859
-1897
-1936
-1974
-2011
-2047
-2081
-2115
-2148
-2180
-2211
-2242
-2271
-2299
-2325
-2351
-2374
-2396
-2418
-2439
-2460
-2480
-2499
-2518
-2535
-2552
-2568
-2582
-2593
-2604
-2615
-2625
-2637
-2653
-2673
-2692
-2711
-2728
-2745
-2762
-2777
-2791
-2803
-2813
-2822
-2830
-2835
-2839
-2843
-2847
-2851
-2855
-2857
-2858
-2859
-2859
-2857
-2857
-2856
-2856
-2857
-2857
-2858
-2858
-2858
-2858
-2858
-2857
-2856
-2855
-2855
-2854
-2853
-2853
-2853
-2853
-2854
-2855
-2855
-2858
-2861
-2864
-2866
-2867
-2867
-2867
-2867
-2871
-2880
-2890
-2899
-2908
-2917
-2926
-2935
-2942
-2949
-2953
-2957
-2959
-2960
-2959
-2956
-2954
-2953
-2953
-2951
-2950
-2948
-2944
-2938
-2931
-2925
-2921
-2916
-2912
-2909
-2906
-2903
-2900
-2896
-2892
-2888
-2883
-2877
-2871
-2864
-2857
-2848
-2837
-2826
-2813
-2799
-2784
-2768
-2752
-2736
-2717
-2696
-2673
-2650
-2627
-2608
-2591
-2577
-2562
-2546
-2528
-2509
-2488
-2466
-2442
-2416
-2387
-2358
-2327
-2293
-2257
-2221
-2186
-2151
-2116
-2080
-2043
-2006
-1968
-1930
-1891
-1854
-1818
-1782
-1747
-1713
-1678
-1644
-1611
-1578
-1545
-1515
-1486
-1462
-1440
-1423
-1409
-1400
-1397
-1399
-1405
-1415
-1427
-1447
-1472
-1502
-1537
-1579
-1626
-1673
-1721
-1768
-1815
-1863
-1907
-1950
-1993
-2033
-2073
-2111
-2146
-2177
-2209
-2238
-2267
-2295
-2320
-2344
-2366
-2387
-2408
-2429
-2450
-2471
-2491
-2510
-2527
-2544
-2559
-2574
-2587
-2599
-2612
-2624
-2635
-2644
-2654
-2663
-2672
-2681
-2690
-2696
-2702
-2707
-2712
-2720
-2731
-2746
-2763
-2779
-2794
-2808
-2822
-2836
-2848
-2859
-2867
-2874
-2881
-2885
-2887
-2889
-2890
-2890
-2890
-2890
-2889
-2887
-2885
-2883
-2881
-2879
-2877
-2875
-2874
-2874
-2873
-2872
-2872
-2871
-2870
-2870
-2868
-2866
-2863
-2861
-2860
-2859
-2859
-2859
-2859
-2860
-2862
-2864
-2866
-2865
-2865
-2864
-2865
-2869
-2878
-2888
-2898
-2907
-2917
-2926
-2934
-2941
-2947
-2950
-2953
-2954
-2952
-2945
-2936
-2928
-2918
-2907
-2895
-2880
-2865
-2847
-2828
-2807
-2786
-2765
-2744
-2722
-2699
-2676
-2653
-2629
-2603
-2578
-2551
-2523
-2496
-2467
-2438
-2408
-2378
-2346
-2314
-2282
-2251
-2220
-2190
-2157
-2122
-2088
-2055
-2027
-2002
-1981
-1961
-1941
-1918
-1896
-1873
-1849
-1823
-1797
-1770
-1743
-1715
-1684
-1651
-1616
-1581
-1547
-1512
-1479
-1446
-1416
-1385
-1357
-1331
-1308
-1288
-1272
-1260
-1254
-1253
-1258
-1265
-1276
-1289
-1305
-1325
-1346
-1369
-1394
-1423
-1454
-1488
-1521
-1551
-1581
-1612
-1645
-1679
-1717
-1761
-1806
-1851
-1895
-1938
-1979
-2020
-2059
-2097
-2134
-2171
-2206
-2237
-2266
-2293
-2320
-2346
-2369
-2392
-2414
-2437
-2458
-2477
-2496
-2514
-2531
-2548
-2564
-2580
-2594
-2609
-2623
-2636
-2648
-2660
-2671
-2681
-2692
-2702
-2712
-2722
-2732
-2741
-2752
-2762
-2770
-2777
-2782
-2786
-2792
-2800
-2813
-2829
-2844
-2860
-2874
-2888
-2901
-2913
-2924
-2929
-2933
-2937
-2939
-2940
-2940
-2941
-2942
-2943
-2944
-2943
-2942
-2940
-2936
-2933
-2929
-2926
-2923
-2921
-2919
-2918
-2915
-2913
-2910
-2908
-2905
-2901
-2897
-2890
-2881
-2869
-2854
-2838
-2820
-2802
-2783
-2763
-2744
-2724
-2701
-2678
-2654
-2632
-2611
-2592
-2576
-2560
-2542
-2523
-2503
-2481
-2458
-2434
-2408
-2380
-2353
-2324
-2294
-2263
-2231
-2199
-2167
-2134
-2101
-2068
-2033
-1999
-1963
-1929
-1895
-1862
-1828
-1795
-1762
-1729
-1697
-1663
-1629
-1595
-1560
-1525
-1491
-1456
-1420
-1385
-1352
-1322
-1295
-1271
-1248
-1228
-1217
-1212
-1213
-1222
-1239
-1263
-1290
-1321
-1354
-1390
-1428
-1467
-1507
-1548
-1591
-1633
-1673
-1710
-1746
-1784
-1822
-1859
-1894
-1930
-1964
-1997
-2029
-2060
-2090
-2120
-2149
-2179
-2207
-2234
-2259
-2283
-2304
-2325
-2346
-2366
-2384
-2403
-2420
-2437
-2454
-2469
-2482
-2493
-2502
-2512
-2523
-2538
-2556
-2577
-2597
-2616
-2634
-2650
-2667
-2682
-2696
-2708
-2719
-2730
-2739
-2745
-2751
-2756
-2763
-2769
-2774
-2779
-2783
-2786
-2789
-2792
-2795
-2798
-2802
-2805
-2811
-2815
-2820
-2823
-2827
-2830
-2832
-2835
-2838
-2841
-2844
-2848
-2851
-2854
-2857
-2860
-2864
-2868
-2873
-2875
-2876
-2878
-2878
-2881
-2887
-2897
-2910
-2922
-2934
-2944
-2953
-2961
-2968
-2975
-2979
-2983
-2986
-2988
-2987
-2985
-2983
-2981
-2977
-2971
-2962
-2951
-2937
-2921
-2905
-2886
-2866
-2845
-2825
-2803
-2782
-2761
-2738
-2715
-2691
-2668
-2645
-2620
-2595
-2569
-2542
-2514
-2486
-2456
-2426
-2397
-2367
-2337
-2305
-2270
-2235
-2202
-2171
-2144
-2120
-2097
-2074
-2049
-2024
-1999
-1974
-1946
-1918
-1889
-1858
-1828
-1797
-1765
-1730
-1698
-1666
-1634
-1603
-1573
-1543
-1515
-1489
-1468
-1449
-1436
-1427
-1424
-1426
-1433
-1445
-1460
-1479
-1501
-1526
-1554
-1585
-1618
-1654
-1690
-1728
-1766
-1805
-1840
-1874
-1907
-1941
-1977
-2017
-2061
-2105
-2148
-2190
-2229
-2267
-2301
-2334
-2365
-2395
-2423
-2450
-2474
-2496
-2518
-2538
-2559
-2577
-2594
-2610
-2624
-2636
-2648
-2661
-2673
-2684
-2695
-2706
-2716
-2725
-2733
-2742
-2750
-2758
-2765
-2772
-2779
-2785
-2792
-2798
-2804
-2811
-2818
-2825
-2830
-2834
-2837
-2840
-2844
-2852
-2864
-2878
-2892
-2905
-2918
-2931
-2943
-2954
-2963
-2970
-2976
-2982
-2985
-2984
-2982
-2982
-2983
-2984
-2984
-2983
-2982
-2981
-2978
-2975
-2972
-2970
-2968
-2966
-2965
-2964
-2963
-2962
-2959
-2954
-2951
-2948
-2945
-2943
-2941
-2939
-2936
-2932
-2926
-2918
-2909
-2899
-2887
-2872
-2855
-2837
-2817
-2799
-2783
-2770
-2758
-2744
-2728
-2712
-2693
-2673
-2651
-2627
-2601
-2576
-2549
-2519
-2486
-2453
-2421
-2389
-2356
-2323
-2290
-2255
-2220
-2185
-2149
-2115
-2081
-2048
-2015
-1982
-1950
-1917
-1884
-1852
-1819
-1785
-1751
-1717
-1682
-1648
-1615
-1583
-1550
-1519
-1485
-1449
-1414
-1383
-1356
-1336
-1323
-1318
-1317
-1319
-1326
-1338
-1355
-1376
-1400
-1428
-1460
-1495
-1529
-1563
-1597
-1634
-1672
-1712
-1751
-1791
-1831
-1870
-1908
-1946
-1981
-2017
-2051
-2086
-2119
-2153
-2184
-2214
-2242
-2269
-2295
-2320
-2343
-2367
-2389
-2412
-2435
-2456
-2473
-2490
-2506
-2522
-2542
-2565
-2589
-2613
-2637
-2659
-2681
-2702
-2720
-2737
-2753
-2767
-2780
-2792
-2801
-2809
-2818
-2826
-2834
-2840
-2846
-2850
-2853
-2856
-2860
-2864
-2868
-2871
-2875
-2878
-2882
-2885
-2888
-2890
-2891
-2890
-2890
-2890
-2890
-2891
-2891
-2892
-2894
-2895
-2895
-2896
-2896
-2894
-2892
-2891
-2890
-2890
-2895
-2904
-2914
-2923
-2933
-2943
-2953
-2962
-2970
-2976
-2980
-2984
-2986
-2986
-2985
-2983
-2982
-2982
-2981
-2980
-2979
-2977
-2971
-2965
-2959
-2954
-2949
-2946
-2942
-2939
-2936
-2934
-2932
-2928
-2925
-2923
-2921
-2919
-2917
-2915
-2914
-2912
-2910
-2909
-2907
-2907
-2906
-2906
-2905
-2903
-2897
-2891
-2881
-2870
-2861
-2855
-2851
-2845
-2838
-2829
-2820
-2810
-2799
-2786
-2771
-2754
-2738
-2718
-2695
-2671
-2648
-2624
-2601
-2576
-2551
-2524
-2496
-2467
-2439
-2410
-2381
-2352
-2322
-2294
-2264
-2235
-2205
-2174
-2144
-2113
-2082
-2052
-2021
-1991
-1959
-1928
-1895
-1863
-1831
-1800
-1765
-1729
-1694
-1662
-1632
-1605
-1581
-1560
-1538
-1515
-1493
-1472
-1451
-1432
-1413
-1397
-1382
-1371
-1361
-1354
-1349
-1351
-1359
-1373
-1390
-1410
-1433
-1458
-1485
-1514
-1545
-1578
-1614
-1652
-1690
-1729
-1767
-1805
-1841
-1876
-1910
-1944
-1977
-2010
-2043
-2075
-2103
-2129
-2154
-2178
-2204
-2234
-2269
-2304
-2337
-2369
-2399
-2427
-2453
-2478
-2501
-2523
-2544
-2565
-2582
-2597
-2610
-2623
-2636
-2648
-2659
-2668
-2677
-2685
-2692
-2698
-2705
-2712
-2718
-2725
-2732
-2737
-2743
-2749
-2753
-2758
-2763
-2767
-2772
-2776
-2782
-2785
-2789
-2790
-2792
-2794
-2797
-2804
-2816
-2829
-2843
-2856
-2869
-2882
-2894
-2905
-2914
-2922
-2928
-2935
-2938
-2940
-2938
-2937
-2935
-2934
-2932
-2930
-2928
-2926
-2922
-2919
-2916
-2913
-2910
-2908
-2906
-2905
-2903
-2902
-2900
-2899
-2895
-2892
-2889
-2887
-2886
-2885
-2884
-2884
-2884
-2883
-2880
-2877
-2874
-2873
-2875
-2882
-2891
-2899
-2907
-2915
-2922
-2928
-2933
-2936
-2938
-2939
-2940
-2939
-2935
-2932
-2927
-2922
-2917
-2912
-2908
-2902
-2897
-2891
-2885
-2881
-2877
-2873
-2870
-2867
-2865
-2863
-2861
-2859
-2858
-2857
-2857
-2857
-2857
-2858
-2858
-2857
-2857
-2856
-2853
-2850
-2847
-2844
-2844
-2849
-2857
-2866
-2873
-2880
-2887
-2893
-2898
-2901
-2904
-2905
-2907
-2908
-2906
-2903
-2900
-2898
-2897
-2894
-2891
-2887
-2883
-2880
-2876
-2873
-2870
-2868
-2864
-2859
-2856
-2852
-2849
-2847
-2845
-2844
-2843
-2843
-2844
-2844
-2843
-2843
-2841
-2841
-2845
-2854
-2865
-2875
-2885
-2895
-2905
-2915
-2923
-2931
-2936
-2942
-2945
-2947
-2944
-2940
-2936
-2934
-2931
-2928
-2925
-2921
-2917
-2912
-2907
-2903
-2899
-2896
-2893
-2890
-2888
-2885
-2881
-2876
-2870
-2864
-2857
-2848
-2838
-2827
-2815
-2801
-2786
-2768
-2749
-2730
-2710
-2692
-2677
-2666
-2654
-2642
-2629
-2614
-2600
-2584
-2565
-2545
-2523
-2501
-2478
-2451
-2423
-2394
-2367
-2339
-2311
-2281
-2250
-2217
-2183
-2148
-2114
-2079
-2044
-2009
-1975
-1941
-1906
-1872
-1838
-1804
-1769
-1733
-1698
-1662
-1626
-1589
-1553
-1517
-1482
-1443
-1403
-1363
-1328
-1295
-1267
-1241
-1218
-1197
-1176
-1156
-1139
-1123
-1110
-1099
-1092
-1088
-1087
-1089
-1093
-1101
-1114
-1130
-1151
-1176
-1204
-1233
-1264
-1297
-1331
-1367
-1403
-1439
-1478
-1518
-1557
-1597
-1636
-1674
-1712
-1749
-1785
-1820
-1855
-1889
-1918
-1947
-1974
-2002
-2032
-2066
-2103
-2139
-2175
-2208
-2241
-2271
-2299
-2326
-2351
-2375
-2398
-2420
-2439
-2456
-2471
-2486
-2501
-2513
-2526
-2537
-2547
-2557
-2567
-2577
-2587
-2596
-2605
-2614
-2623
-2631
-2638
-2645
-2651
-2657
-2663
-2669
-2674
-2680
-2685
-2691
-2695
-2702
-2707
-2712
-2714
-2717
-2719
-2721
-2726
-2735
-2748
-2762
-2776
-2790
-2803
-2815
-2826
-2836
-2844
-2852
-2858
-2864
-2867
-2869
-2871
-2874
-2877
-2878
-2879
-2879
-2879
-2878
-2876
-2874
-2873
-2871
-2871
-2870
-2870
-2869
-2868
-2868
-2868
-2867
-2867
-2867
-2866
-2865
-2864
-2863
-2861
-2860
-2859
-2858
-2858
-2857
-2857
-2858
-2859
-2857
-2855
-2853
-2852
-2854
-2859
-2869
-2880
-2890
-2901
-2911
-2920
-2930
-2934
-2937
-2939
-2941
-2943
-2943
-2941
-2939
-2939
-2939
-2938
-2937
-2935
-2932
-2929
-2925
-2921
-2916
-2910
-2903
-2895
-2886
-2876
-2865
-2853
-2841
-2827
-2812
-2797
-2782
-2765
-2749
-2731
-2713
-2694
-2675
-2654
-2633
-2611
-2589
-2566
-2540
-2510
-2479
-2449
-2420
-2395
-2374
-2353
-2330
-2304
-2277
-2248
-2218
-2184
-2147
-2108
-2069
-2029
-1986
-1941
-1894
-1849
-1803
-1757
-1710
-1663
-1615
-1568
-1520
-1474
-1428
-1384
-1340
-1298
-1256
-1216
-1175
-1136
-1094
-1053
-1012
-969
-923
-877
-830
-783
-737
-690
-643
-597
-549
-503
-461
-425
-391
-360
-334
-307
-279
-252
-226
-200
-175
-149
-123
-96
-64
-30
-2
0
0
0
0
0
0
0
0
0
0
0
0
-26
-62
-103
-145
-189
-237
-287
-340
-396
-454
-511
-569
-623
-674
-725
-777
-830
-886
-946
-1010
-1072
-1132
-1188
-1243
-1295
-1346
-1394
-1441
-1487
-1533
-1578
-1618
-1655
-1692
-1728
-1764
-1798
-1832
-1866
-1898
-1931
-1961
-1992
-2022
-2051
-2079
-2105
-2131
-2156
-2180
-2203
-2224
-2245
-2265
-2284
-2303
-2321
-2340
-2360
-2380
-2400
-2416
-2431
-2444
-2457
-2470
-2485
-2504
-2526
-2549
-2571
-2592
-2612
-2632
-2649
-2665
-2680
-2693
-2707
-2720
-2729
-2736
-2743
-2750
-2757
-2762
-2767
-2771
-2775
-2779
-2783
-2787
-2790
-2795
-2798
-2803
-2806
-2810
-2813
-2815
-2817
-2820
-2822
-2825
-2827
-2829
-2832
-2834
-2837
-2841
-2844
-2848
-2851
-2855
-2860
-2865
-2869
-2874
-2876
-2878
-2879
-2881
-2884
-2892
-2904
-2916
-2927
-2938
-2946
-2953
-2959
-2965
-2969
-2972
-2975
-2977
-2978
-2976
-2974
-2973
-2972
-2972
-2970
-2968
-2965
-2961
-2957
-2954
-2950
-2946
-2943
-2940
-2938
-2936
-2934
-2932
-2930
-2928
-2924
-2921
-2918
-2915
-2913
-2911
-2909
-2907
-2907
-2906
-2905
-2904
-2904
-2905
-2906
-2906
-2905
-2904
-2902
-2900
-2901
-2907
-2915
-2924
-2935
-2944
-2953
-2962
-2970
-2976
-2978
-2979
-2980
-2980
-2978
-2973
-2969
-2965
-2961
-2955
-2947
-2939
-2928
-2915
-2902
-2887
-2873
-2857
-2841
-2825
-2807
-2788
-2769
-2749
-2727
-2705
-2682
-2659
-2634
-2609
-2583
-2556
-2528
-2500
-2471
-2440
-2409
-2376
-2343
-2309
-2274
-2237
-2197
-2157
-2121
-2087
-2057
-2030
-2003
-1976
-1948
-1919
-1891
-1861
-1831
-1800
-1769
-1737
-1704
-1670
-1636
-1602
-1570
-1542
-1514
-1489
-1464
-1440
-1416
-1393
-1373
-1356
-1339
-1324
-1309
-1296
-1283
-1271
-1260
-1249
-1243
-1239
-1238
-1240
-1245
-1253
-1264
-1278
-1295
-1312
-1331
-1352
-1377
-1405
-1438
-1475
-1517
-1563
-1609
-1655
-1702
-1747
-1793
-1837
-1881
-1924
-1967
-2007
-2045
-2079
-2113
-2147
-2180
-2211
-2240
-2268
-2295
-2320
-2344
-2367
-2391
-2414
-2435
-2456
-2476
-2494
-2512
-2529
-2544
-2560
-2575
-2589
-2603
-2616
-2628
-2639
-2650
-2661
-2671
-2682
-2693
-2703
-2711
-2718
-2724
-2731
-2739
-2752
-2768
-2784
-2800
-2815
-2830
-2845
-2857
-2868
-2877
-2885
-2892
-2897
-2897
-2894
-2893
-2893
-2893
-2892
-2891
-2890
-2887
-2884
-2881
-2878
-2876
-2874
-2872
-2871
-2870
-2869
-2868
-2867
-2865
-2862
-2861
-2859
-2858
-2857
-2857
-2856
-2856
-2856
-2857
-2858
-2859
-2861
-2863
-2865
-2868
-2869
-2868
-2867
-2867
-2870
-2875
-2885
-2895
-2906
-2916
-2926
-2936
-2944
-2948
-2952
-2954
-2956
-2957
-2957
-2955
-2953
-2951
-2950
-2948
-2945
-2942
-2939
-2935
-2930
-2926
-2922
-2919
-2916
-2911
-2906
-2903
-2900
-2896
-2893
-2890
-2888
-2885
-2883
-2881
-2878
-2876
-2874
-2871
-2869
-2866
-2863
-2860
-2857
-2853
-2848
-2841
-2832
-2821
-2809
-2797
-2786
-2778
-2771
-2764
-2756
-2745
-2733
-2719
-2703
-2684
-2663
-2640
-2616
-2590
-2562
-2531
-2502
-2472
-2441
-2410
-2377
-2344
-2310
-2275
-2239
-2203
-2168
-2132
-2096
-2059
-2022
-1986
-1949
-1911
-1874
-1837
-1800
-1765
-1731
-1698
-1666
-1635
-1604
-1573
-1542
-1514
-1486
-1459
-1433
-1404
-1378
-1356
-1340
-1330
-1326
-1328
-1332
-1337
-1344
-1353
-1364
-1375
-1388
-1403
-1419
-1435
-1451
-1465
-1478
-1492
-1507
-1523
-1539
-1556
-1573
-1589
-1605
-1621
-1637
-1654
-1671
-1689
-1708
-1730
-1751
-1772
-1793
-1812
-1832
-1848
-1864
-1878
-1892
-1907
-1922
-1939
-1955
-1971
-1985
-1997
-2011
-2026
-2044
-2067
-2093
-2120
-2145
-2168
-2192
-2214
-2234
-2254
-2273
-2292
-2310
-2327
-2343
-2357
-2370
-2384
-2399
-2411
-2423
-2434
-2446
-2456
-2467
-2476
-2486
-2496
-2506
-2516
-2527
-2538
-2549
-2558
-2566
-2574
-2581
-2588
-2595
-2602
-2609
-2616
-2622
-2629
-2635
-2640
-2643
-2645
-2644
-2643
-2643
-2644
-2649
-2655
-2659
-2662
-2664
-2666
-2666
-2665
-2664
-2663
-2663
-2663
-2663
-2659
-2656
-2654
-2653
-2653
-2652
-2653
-2653
-2652
-2652
-2651
-2651
-2652
-2654
-2655
-2658
-2661
-2663
-2666
-2668
-2669
-2671
-2673
-2675
-2677
-2679
-2680
-2682
-2684
-2688
-2692
-2696
-2699
-2701
-2703
-2708
-2715
-2728
-2744
-2760
-2775
-2790
-2803
-2816
-2828
-2839
-2849
-2859
-2868
-2876
-2881
-2884
-2886
-2890
-2893
-2895
-2893
-2891
-2888
-2886
-2884
-2883
-2882
-2882
-2882
-2882
-2882
-2882
-2882
-2882
-2882
-2881
-2882
-2882
-2882
-2882
-2882
-2881
-2881
-2880
-2881
-2881
-2880
-2877
-2874
-2871
-2866
-2865
-2868
-2873
-2877
-2881
-2885
-2889
-2894
-2898
-2901
-2903
-2905
-2906
-2906
-2904
-2901
-2898
-2896
-2893
-2888
-2883
-2878
-2873
-2867
-2862
-2858
-2855
-2852
-2850
-2846
-2842
-2839
-2835
-2832
-2829
-2826
-2824
-2823
-2821
-2819
-2817
-2815
-2813
-2812
-2816
-2825
-2835
-2846
-2855
-2864
-2872
-2881
-2889
-2896
-2902
-2907
-2912
-2915
-2916
-2916
-2916
-2918
-2918
-2918
-2918
-2917
-2914
-2912
-2909
-2904
-2899
-2895
-2891
-2886
-2882
-2877
-2871
-2864
-2856
-2845
-2835
-2823
-2808
-2789
-2768
-2746
-2722
-2701
-2683
-2668
-2651
-2632
-2611
-2587
-2563
-2536
-2509
-2479
-2449
-2418
-2386
-2351
-2314
-2279
-2244
-2208
-2172
-2136
-2099
-2062
-2025
-1988
-1952
-1916
-1880
-1846
-1812
-1778
-1744
-1710
-1676
-1642
-1609
-1574
-1538
-1503
-1469
-1436
-1401
-1364
-1325
-1290
-1257
-1229
-1203
-1181
-1160
-1140
-1119
-1101
-1084
-1067
-1051
-1035
-1020
-1006
-991
-973
-953
-933
-912
-886
-857
-830
-803
-777
-752
-727
-704
-683
-663
-643
-624
-605
-587
-567
-550
-531
-513
-496
-481
-467
-456
-446
-438
-436
-440
-450
-468
-496
-530
-568
-607
-650
-695
-744
-796
-850
-906
-965
-1022
-1077
-1128
-1175
-1221
-1267
-1310
-1352
-1396
-1441
-1484
-1527
-1568
-1606
-1641
-1676
-1710
-1744
-1778
-1812
-1845
-1876
-1907
-1936
-1965
-1993
-2020
-2047
-2072
-2094
-2114
-2133
-2152
-2173
-2197
-2225
-2254
-2281
-2307
-2333
-2359
-2384
-2407
-2429
-2450
-2470
-2489
-2505
-2519
-2533
-2548
-2563
-2575
-2587
-2598
-2609
-2617
-2626
-2635
-2644
-2653
-2661
-2670
-2678
-2685
-2693
-2699
-2706
-2712
-2718
-2725
-2731
-2737
-2742
-2746
-2751
-2756
-2760
-2765
-2768
-2772
-2776
-2781
-2785
-2791
-2797
-2803
-2807
-2811
-2814
-2816
-2820
-2827
-2838
-2851
-2864
-2876
-2888
-2899
-2907
-2914
-2920
-2925
-2930
-2934
-2937
-2938
-2938
-2939
-2939
-2939
-2939
-2939
-2938
-2936
-2933
-2931
-2930
-2928
-2926
-2924
-2923
-2922
-2921
-2920
-2919
-2918
-2917
-2915
-2912
-2910
-2907
-2905
-2904
-2902
-2901
-2900
-2899
-2898
-2897
-2896
-2894
-2893
-2891
-2888
-2882
-2874
-2865
-2854
-2842
-2832
-2824
-2817
-2810
-2801
-2793
-2783
-2771
-2758
-2742
-2724
-2704
-2682
-2660
-2634
-2607
-2579
-2551
-2523
-2495
-2466
-2436
-2405
-2374
-2341
-2310
-2278
-2246
-2214
-2183
-2151
-2119
-2086
-2055
-2022
-1989
-1955
-1921
-1887
-1853
-1819
-1785
-1750
-1715
-1679
-1643
-1607
-1574
-1541
-1507
-1470
-1435
-1403
-1376
-1352
-1332
-1316
-1305
-1294
-1288
-1285
-1284
-1284
-1286
-1291
-1297
-1306
-1314
-1323
-1333
-1346
-1361
-1378
-1398
-1418
-1440
-1461
-1483
-1507
-1533
-1558
-1584
-1611
-1639
-1668
-1696
-1724
-1753
-1781
-1811
-1839
-1869
-1897
-1925
-1953
-1981
-2007
-2031
-2053
-2075
-2097
-2122
-2148
-2179
-2211
-2242
-2272
-2301
-2329
-2358
-2384
-2409
-2433
-2455
-2477
-2496
-2512
-2528
-2543
-2559
-2573
-2587
-2600
-2612
-2623
-2633
-2643
-2653
-2664
-2674
-2685
-2695
-2704
-2713
-2722
-2730
-2737
-2744
-2751
-2758
-2764
-2771
-2777
-2783
-2789
-2794
-2801
-2807
-2813
-2818
-2823
-2826
-2830
-2836
-2845
-2858
-2872
-2884
-2895
-2903
-2911
-2918
-2924
-2930
-2934
-2938
-2941
-2942
-2942
-2941
-2940
-2941
-2940
-2939
-2938
-2936
-2934
-2932
-2930
-2927
-2924
-2923
-2921
-2920
-2918
-2917
-2916
-2914
-2912
-2908
-2905
-2903
-2901
-2898
-2897
-2896
-2895
-2894
-2893
-2893
-2893
-2894
-2894
-2893
-2891
-2889
-2887
-2887
-2891
-2898
-2906
-2914
-2922
-2930
-2938
-2945
-2951
-2955
-2958
-2958
-2957
-2955
-2951
-2947
-2942
-2936
-2928
-2919
-2907
-2894
-2879
-2862
-2843
-2825
-2804
-2784
-2762
-2739
-2717
-2694
-2670
-2643
-2617
-2588
-2560
-2530
-2501
-2470
-2440
-2409
-2376
-2344
-2310
-2277
-2244
-2212
-2177
-2141
-2105
-2073
-2044
-2017
-1994
-1972
-1949
-1925
-1900
-1874
-1847
-1820
-1792
-1763
-1734
-1705
-1673
-1641
-1608
-1577
-1548
-1522
-1496
-1473
-1450
-1430
-1411
-1397
-1387
-1381
-1381
-1386
-1395
-1406
-1419
-1435
-1453
-1473
-1494
-1518
-1544
-1574
-1605
-1637
-1666
-1693
-1720
-1748
-1778
-1810
-1845
-1886
-1926
-1966
-2002
-2038
-2073
-2106
-2138
-2169
-2198
-2228
-2257
-2282
-2305
-2328
-2349
-2370
-2391
-2410
-2429
-2449
-2467
-2485
-2502
-2518
-2534
-2549
-2563
-2577
-2590
-2603
-2615
-2626
-2636
-2645
-2654
-2663
-2671
-2680
-2688
-2698
-2707
-2716
-2722
-2728
-2733
-2738
-2746
-2757
-2771
-2787
-2802
-2816
-2830
-2843
-2856
-2868
-2878
-2886
-2893
-2898
-2901
-2903
-2904
-2906
-2909
-2910
-2911
-2912
-2911
-2908
-2903
-2900
-2897
-2896
-2894
-2893
-2892
-2892
-2891
-2890
-2889
-2888
-2887
-2886
-2885
-2884
-2884
-2883
-2882
-2881
-2881
-2881
-2880
-2881
-2882
-2883
-2882
-2880
-2878
-2874
-2871
-2872
-2878
-2885
-2892
-2900
-2907
-2914
-2919
-2922
-2923
-2921
-2916
-2910
-2901
-2889
-2876
-2864
-2850
-2834
-2817
-2799
-2778
-2757
-2734
-2711
-2687
-2663
-2638
-2612
-2587
-2560
-2532
-2504
-2474
-2444
-2413
-2383
-2352
-2321
-2290
-2259
-2228
-2195
-2163
-2130
-2098
-2065
-2034
-2003
-1969
-1935
-1901
-1871
-1842
-1818
-1795
-1773
-1750
-1726
-1702
-1680
-1656
-1632
-1608
-1586
-1562
-1540
-1517
-1496
-1477
-1464
-1453
-1448
-1447
-1451
-1458
-1469
-1484
-1504
-1526
-1552
-1580
-1611
-1644
-1678
-1713
-1747
-1781
-1816
-1849
-1882
-1914
-1946
-1978
-2009
-2040
-2069
-2096
-2122
-2148
-2174
-2203
-2233
-2267
-2302
-2334
-2365
-2395
-2426
-2455
-2483
-2508
-2532
-2555
-2577
-2597
-2614
-2630
-2645
-2662
-2675
-2688
-2700
-2710
-2719
-2728
-2736
-2744
-2754
-2762
-2770
-2778
-2786
-2793
-2799
-2805
-2810
-2815
-2819
-2823
-2827
-2830
-2834
-2838
-2841
-2845
-2850
-2855
-2858
-2861
-2863
-2865
-2866
-2871
-2880
-2890
-2901
-2910
-2916
-2923
-2930
-2935
-2941
-2944
-2947
-2950
-2952
-2951
-2949
-2948
-2948
-2947
-2946
-2945
-2943
-2940
-2937
-2933
-2927
-2924
-2919
-2915
-2910
-2903
-2894
-2884
-2871
-2856
-2838
-2819
-2800
-2779
-2758
-2734
-2709
-2684
-2657
-2631
-2604
-2579
-2553
-2527
-2501
-2473
-2442
-2412
-2382
-2354
-2329
-2306
-2286
-2265
-2242
-2219
-2196
-2171
-2146
-2120
-2093
-2065
-2036
-2007
-1976
-1945
-1914
-1884
-1854
-1823
-1791
-1758
-1725
-1692
-1658
-1625
-1592
-1560
-1528
-1499
-1470
-1442
-1416
-1390
-1366
-1346
-1328
-1314
-1304
-1300
-1301
-1306
-1313
-1323
-1333
-1343
-1357
-1376
-1398
-1427
-1460
-1498
-1536
-1574
-1610
-1647
-1682
-1718
-1754
-1790
-1827
-1864
-1897
-1929
-1959
-1989
-2018
-2045
-2073
-2100
-2127
-2151
-2175
-2198
-2220
-2242
-2263
-2284
-2305
-2325
-2346
-2365
-2384
-2401
-2418
-2434
-2449
-2464
-2477
-2490
-2504
-2517
-2531
-2544
-2556
-2565
-2574
-2581
-2590
-2602
-2617
-2636
-2654
-2670
-2686
-2701
-2715
-2729
-2740
-2751
-2761
-2771
-2779
-2785
-2789
-2794
-2799
-2804
-2808
-2812
-2814
-2816
-2816
-2817
-2818
-2820
-2822
-2824
-2827
-2829
-2832
-2835
-2837
-2839
-2841
-2842
-2844
-2846
-2848
-2850
-2852
-2855
-2857
-2859
-2862
-2865
-2867
-2871
-2874
-2878
-2880
-2880
-2881
-2880
-2881
-2885
-2893
-2903
-2913
-2922
-2930
-2938
-2944
-2951
-2956
-2960
-2964
-2967
-2969
-2968
-2965
-2963
-2962
-2961
-2959
-2958
-2955
-2953
-2950
-2946
-2943
-2939
-2937
-2934
-2932
-2931
-2929
-2926
-2923
-2917
-2909
-2900
-2889
-2878
-2865
-2851
-2836
-2820
-2802
-2784
-2762
-2741
-2720
-2698
-2677
-2655
-2631
-2605
-2578
-2551
-2525
-2503
-2483
-2466
-2449
-2430
-2409
-2389
-2367
-2343
-2319
-2293
-2266
-2239
-2210
-2179
-2147
-2115
-2083
-2053
-2022
-1991
-1960
-1929
-1896
-1864
-1833
-1803
-1773
-1744
-1716
-1689
-1661
-1634
-1609
-1586
-1565
-1547
-1532
-1521
-1514
-1509
-1507
-1507
-1510
-1517
-1527
-1539
-1551
-1566
-1586
-1609
-1635
-1666
-1700
-1738
-1775
-1811
-1849
-1886
-1923
-1960
-1997
-2032
-2067
-2101
-2132
-2161
-2189
-2217
-2245
-2272
-2297
-2322
-2345
-2367
-2389
-2410
-2429
-2449
-2469
-2489
-2508
-2525
-2542
-2558
-2572
-2586
-2600
-2613
-2626
-2638
-2650
-2661
-2671
-2681
-2691
-2702
-2712
-2720
-2728
-2734
-2740
-2747
-2756
-2769
-2784
-2800
-2815
-2829
-2844
-2858
-2870
-2881
-2890
-2898
-2906
-2912
-2915
-2916
-2915
-2915
-2915
-2915
-2915
-2914
-2913
-2910
-2908
-2906
-2904
-2902
-2900
-2899
-2897
-2896
-2894
-2892
-2890
-2887
-2882
-2878
-2874
-2870
-2867
-2864
-2861
-2858
-2856
-2853
-2849
-2846
-2841
-2836
-2828
-2818
-2807
-2795
-2784
-2774
-2768
-2763
-2756
-2749
-2739
-2729
-2717
-2703
-2686
-2669
-2649
-2628
-2606
-2580
-2553
-2526
-2499
-2473
-2445
-2417
-2388
-2359
-2328
-2296
-2266
-2235
-2205
-2176
-2146
-2117
-2088
-2058
-2029
-1999
-1969
-1938
-1908
-1878
-1848
-1819
-1791
-1763
-1736
-1711
-1688
-1669
-1651
-1634
-1619
-1612
-1610
-1615
-1626
-1645
-1669
-1694
-1723
-1754
-1788
-1822
-1858
-1893
-1929
-1964
-1997
-2028
-2057
-2085
-2114
-2142
-2170
-2198
-2224
-2249
-2273
-2296
-2318
-2340
-2361
-2382
-2403
-2423
-2442
-2459
-2476
-2493
-2507
-2522
-2535
-2548
-2560
-2572
-2583
-2595
-2606
-2618
-2628
-2636
-2643
-2650
-2657
-2668
-2681
-2699
-2716
-2732
-2748
-2764
-2779
-2793
-2804
-2815
-2824
-2833
-2841
-2847
-2850
-2854
-2859
-2864
-2868
-2872
-2875
-2877
-2878
-2879
-2880
-2881
-2882
-2882
-2880
-2878
-2877
-2877
-2875
-2875
-2874
-2873
-2874
-2873
-2873
-2873
-2873
-2873
-2874
-2876
-2876
-2875
-2876
-2874
-2873
-2876
-2881
-2891
-2900
-2909
-2918
-2926
-2934
-2940
-2943
-2945
-2946
-2947
-2947
-2946
-2943
-2941
-2940
-2938
-2936
-2932
-2927
-2922
-2917
-2913
-2910
-2907
-2905
-2902
-2900
-2898
-2896
-2895
-2893
-2892
-2890
-2889
-2888
-2886
-2883
-2880
-2876
-2872
-2867
-2863
-2859
-2858
-2861
-2866
-2871
-2875
-2879
-2882
-2886
-2890
-2892
-2894
-2896
-2897
-2896
-2894
-2891
-2888
-2886
-2885
-2883
-2881
-2879
-2875
-2869
-2864
-2860
-2856
-2853
-2850
-2847
-2846
-2844
-2843
-2842
-2841
-2841
-2840
-2839
-2837
-2834
-2832
-2829
-2830
-2835
-2843
-2852
-2859
-2866
-2872
-2878
-2884
-2889
-2891
-2893
-2893
-2894
-2892
-2889
-2886
-2884
-2882
-2879
-2876
-2872
-2869
-2864
-2861
-2857
-2855
-2853
-2850
-2849
-2846
-2846
-2844
-2842
-2840
-2838
-2837
-2835
-2833
-2831
-2830
-2831
-2831
-2830
-2829
-2826
-2823
-2821
-2820
-2823
-2831
-2841
-2850
-2859
-2866
-2873
-2880
-2885
-2890
-2893
-2895
-2896
-2894
-2891
-2888
-2886
-2884
-2881
-2879
-2876
-2871
-2865
-2860
-2856
-2852
-2849
-2847
-2844
-2842
-2840
-2838
-2837
-2836
-2834
-2833
-2832
-2831
-2830
-2829
-2828
-2828
-2829
-2830
-2830
-2828
-2826
-2824
-2822
-2821
-2825
-2833
-2843
-2850
-2856
-2861
-2866
-2872
-2876
-2879
-2882
-2883
-2882
-2880
-2876
-2872
-2869
-2866
-2863
-2859
-2856
-2851
-2847
-2842
-2838
-2835
-2833
-2830
-2828
-2826
-2825
-2823
-2822
-2820
-2819
-2818
-2817
-2815
-2814
-2813
-2811
-2811
-2810
-2811
-2811
-2810
-2807
-2801
-2792
-2780
-2765
-2749
-2733
-2714
-2690
-2660
-2628
-2592
-2556
-2515
-2475
-2433
-2390
-2347
-2301
-2253
-2206
-2158
-2112
-2063
-2014
-1964
-1914
-1863
-1814
-1765
-1717
-1668
-1622
-1577
-1533
-1490
-1450
-1409
-1368
-1325
-1282
-1238
-1195
-1153
-1113
-1073
-1031
-987
-944
-904
-866
-829
-796
-765
-734
-704
-676
-647
-618
-589
-559
-529
-495
-462
-427
-391
-356
-324
-292
-260
-227
-194
-159
-125
-90
-59
-31
-6
0
0
0
0
0
0
0
0
0
0
0
0
0
0
0
0
0
0
0
0
0
0
-6
-54
-112
-175
-242
-314
-391
-465
-534
-598
-660
-718
-775
-831
-886
-941
-996
-1049
-1099
-1148
-1197
-1244
-1292
-1339
-1386
-1432
-1477
-1520
-1560
-1599
-1639
-1679
-1718
-1755
-1790
-1822
-1853
-1884
-1917
-1954
-1993
-2032
-2069
-2104
-2139
-2172
-2205
-2234
-2262
-2286
-2311
-2333
-2352
-2370
-2388
-2408
-2426
-2444
-2461
-2477
-2492
-2506
-2518
-2529
-2539
-2548
-2557
-2564
-2570
-2574
-2575
-2575
-2572
-2566
-2558
-2549
-2540
-2532
-2525
-2520
-2514
-2508
-2502
-2497
-2495
-2496
-2502
-2510
-2517
-2522
-2528
-2533
-2538
-2542
-2545
-2548
-2551
-2554
-2554
-2552
-2548
-2545
-2543
-2540
-2537
-2534
-2531
-2528
-2525
-2523
-2524
-2527
-2531
-2536
-2542
-2548
-2555
-2563
-2570
-2577
-2587
-2597
-2606
-2615
-2622
-2630
-2637
-2644
-2655
-2671
-2688
-2705
-2722
-2737
-2752
-2766
-2778
-2789
-2799
-2807
-2816
-2821
-2825
-2828
-2831
-2836
-2839
-2842
-2844
-2846
-2848
-2849
-2849
-2850
-2852
-2853
-2856
-2858
-2860
-2862
-2864
-2865
-2867
-2869
-2871
-2872
-2874
-2876
-2877
-2877
-2876
-2875
-2875
-2875
-2881
-2889
-2897
-2905
-2913
-2920
-2927
-2933
-2937
-2941
-2943
-2945
-2946
-2944
-2942
-2940
-2939
-2938
-2936
-2934
-2932
-2928
-2922
-2917
-2912
-2908
-2905
-2902
-2901
-2899
-2898
-2896
-2895
-2893
-2891
-2890
-2890
-2890
-2890
-2890
-2890
-2890
-2890
-2891
-2890
-2886
-2884
-2881
-2878
-2879
-2884
-2891
-2896
-2901
-2907
-2912
-2916
-2919
-2920
-2918
-2915
-2910
-2902
-2891
-2878
-2864
-2851
-2835
-2818
-2800
-2781
-2759
-2735
-2709
-2682
-2653
-2622
-2592
-2560
-2529
-2496
-2463
-2430
-2395
-2360
-2324
-2289
-2253
-2216
-2179
-2141
-2104
-2067
-2031
-1996
-1959
-1920
-1880
-1842
-1807
-1777
-1749
-1725
-1701
-1676
-1651
-1627
-1603
-1580
-1558
-1537
-1517
-1500
-1482
-1464
-1448
-1435
-1427
-1423
-1425
-1431
-1440
-1452
-1467
-1483
-1502
-1525
-1549
-1576
-1605
-1635
-1668
-1701
-1734
-1767
-1800
-1832
-1863
-1895
-1925
-1955
-1984
-2012
-2038
-2063
-2089
-2117
-2148
-2182
-2215
-2247
-2279
-2310
-2338
-2366
-2392
-2416
-2441
-2464
-2487
-2507
-2525
-2543
-2560
-2577
-2592
-2606
-2619
-2631
-2642
-2653
-2664
-2675
-2686
-2696
-2706
-2715
-2724
-2732
-2739
-2745
-2751
-2757
-2763
-2768
-2773
-2778
-2783
-2789
-2794
-2799
-2803
-2805
-2807
-2809
-2812
-2817
-2827
-2840
-2852
-2864
-2876
-2888
-2900
-2909
-2918
-2925
-2931
-2937
-2941
-2942
-2940
-2938
-2936
-2935
-2933
-2932
-2930
-2927
-2924
-2922
-2920
-2919
-2917
-2916
-2915
-2914
-2913
-2912
-2911
-2910
-2909
-2907
-2906
-2906
-2905
-2904
-2904
-2904
-2904
-2905
-2904
-2903
-2902
-2900
-2897
-2894
-2892
-2891
-2895
-2902
-2910
-2917
-2925
-2932
-2939
-2945
-2951
-2955
-2958
-2961
-2962
-2961
-2957
-2953
-2948
-2943
-2935
-2926
-2916
-2903
-2888
-2870
-2853
-2835
-2817
-2798
-2778
-2758
-2738
-2717
-2695
-2673
-2650
-2625
-2601
-2574
-2547
-2519
-2491
-2462
-2432
-2403
-2374
-2344
-2313
-2278
-2244
-2210
-2181
-2154
-2130
-2108
-2085
-2060
-2037
-2011
-1987
-1960
-1933
-1905
-1877
-1847
-1816
-1783
-1751
-1719
-1688
-1657
-1628
-1598
-1569
-1542
-1517
-1496
-1478
-1464
-1455
-1451
-1451
-1456
-1466
-1479
-1494
-1512
-1533
-1556
-1582
-1611
-1642
-1674
-1704
-1736
-1768
-1801
-1836
-1874
-1916
-1959
-2001
-2041
-2080
-2118
-2156
-2190
-2224
-2256
-2289
-2318
-2344
-2368
-2392
-2416
-2440
-2461
-2482
-2500
-2518
-2535
-2551
-2567
-2582
-2597
-2611
-2624
-2637
-2649
-2661
-2671
-2681
-2691
-2701
-2710
-2721
-2731
-2740
-2749
-2756
-2762
-2767
-2771
-2776
-2784
-2796
-2811
-2827
-2841
-2855
-2868
-2880
-2892
-2898
-2903
-2907
-2911
-2915
-2916
-2916
-2917
-2918
-2919
-2919
-2918
-2917
-2916
-2914
-2911
-2910
-2909
-2908
-2908
-2906
-2903
-2901
-2899
-2897
-2895
-2894
-2894
-2893
-2893
-2893
-2892
-2893
-2894
-2893
-2891
-2890
-2888
-2887
-2888
-2894
-2903
-2911
-2919
-2927
-2935
-2941
-2947
-2950
-2951
-2949
-2944
-2936
-2925
-2913
-2900
-2886
-2871
-2854
-2835
-2815
-2792
-2769
-2747
-2725
-2702
-2678
-2653
-2629
-2605
-2580
-2555
-2528
-2500
-2471
-2440
-2410
-2378
-2346
-2314
-2282
-2249
-2218
-2186
-2152
-2116
-2082
-2051
-2023
-1998
-1976
-1955
-1932
-1907
-1882
-1857
-1830
-1803
-1774
-1745
-1715
-1686
-1653
-1619
-1586
-1554
-1523
-1491
-1459
-1427
-1398
-1369
-1343
-1320
-1301
-1285
-1275
-1269
-1269
-1274
-1285
-1302
-1321
-1344
-1370
-1400
-1431
-1465
-1500
-1535
-1567
-1600
-1634
-1669
-1704
-1744
-1787
-1831
-1873
-1914
-1955
-1994
-2030
-2065
-2100
-2133
-2166
-2197
-2224
-2249
-2274
-2300
-2324
-2349
-2373
-2395
-2417
-2436
-2455
-2472
-2490
-2507
-2524
-2540
-2556
-2571
-2586
-2599
-2611
-2622
-2634
-2645
-2656
-2667
-2678
-2688
-2699
-2708
-2717
-2722
-2730
-2735
-2742
-2752
-2767
-2784
-2799
-2815
-2830
-2843
-2857
-2868
-2878
-2887
-2895
-2903
-2908
-2911
-2914
-2917
-2918
-2918
-2917
-2916
-2914
-2912
-2909
-2907
-2905
-2903
-2900
-2897
-2894
-2892
-2890
-2888
-2886
-2885
-2884
-2883
-2882
-2881
-2881
-2880
-2881
-2881
-2883
-2883
-2883
-2882
-2881
-2878
-2878
-2880
-2888
-2897
-2904
-2913
-2921
-2928
-2931
-2932
-2930
-2926
-2919
-2911
-2900
-2884
-2868
-2851
-2834
-2814
-2793
-2772
-2749
-2725
-2700
-2673
-2647
-2620
-2594
-2567
-2540
-2511
-2482
-2452
-2421
-2389
-2357
-2325
-2293
-2260
-2227
-2194
-2161
-2129
-2097
-2065
-2031
-1994
-1959
-1927
-1897
-1870
-1847
-1824
-1802
-1778
-1756
-1733
-1711
-1687
-1664
-1641
-1618
-1594
-1569
-1542
-1516
-1493
-1473
-1457
-1444
-1435
-1429
-1426
-1427
-1433
-1442
-1456
-1475
-1497
-1522
-1550
-1580
-1610
-1641
-1672
-1704
-1736
-1771
-1806
-1840
-1872
-1901
-1929
-1957
-1987
-2018
-2052
-2090
-2129
-2165
-2201
-2234
-2267
-2297
-2326
-2354
-2381
-2408
-2435
-2458
-2478
-2498
-2517
-2534
-2551
-2567
-2582
-2597
-2610
-2623
-2635
-2647
-2657
-2667
-2677
-2687
-2696
-2706
-2715
-2723
-2730
-2738
-2744
-2751
-2757
-2762
-2769
-2775
-2783
-2790
-2796
-2800
-2803
-2806
-2809
-2814
-2823
-2834
-2847
-2859
-2872
-2883
-2895
-2906
-2915
-2923
-2929
-2933
-2936
-2937
-2937
-2937
-2938
-2939
-2939
-2939
-2938
-2935
-2931
-2927
-2924
-2921
-2918
-2916
-2914
-2913
-2912
-2911
-2909
-2907
-2905
-2904
-2903
-2901
-2900
-2899
-2897
-2893
-2888
-2882
-2875
-2866
-2857
-2845
-2830
-2815
-2798
-2781
-2765
-2753
-2743
-2732
-2720
-2705
-2689
-2671
-2652
-2631
-2608
-2584
-2559
-2533
-2504
-2472
-2441
-2410
-2379
-2346
-2314
-2280
-2246
-2210
-2175
-2140
-2106
-2072
-2038
-2004
-1971
-1938
-1905
-1872
-1839
-1806
-1773
-1741
-1707
-1673
-1640
-1605
-1573
-1539
-1508
-1473
-1439
-1408
-1379
-1357
-1340
-1329
-1323
-1319
-1318
-1323
-1332
-1346
-1364
-1387
-1413
-1443
-1473
-1503
-1534
-1565
-1599
-1633
-1670
-1707
-1744
-1782
-1818
-1852
-1886
-1919
-1950
-1981
-2012
-2045
-2076
-2107
-2137
-2166
-2194
-2221
-2247
-2272
-2297
-2322
-2345
-2365
-2383
-2400
-2418
-2437
-2459
-2483
-2510
-2535
-2560
-2584
-2607
-2628
-2648
-2668
-2685
-2702
-2718
-2732
-2743
-2753
-2765
-2774
-2784
-2793
-2800
-2806
-2812
-2818
-2824
-2830
-2836
-2842
-2848
-2853
-2858
-2863
-2867
-2871
-2875
-2879
-2883
-2887
-2891
-2895
-2899
-2903
-2906
-2908
-2908
-2908
-2907
-2906
-2905
-2905
-2910
-2918
-2928
-2937
-2945
-2953
-2961
-2967
-2972
-2975
-2975
-2972
-2967
-2957
-2943
-2928
-2913
-2897
-2879
-2859
-2838
-2817
-2794
-2769
-2743
-2717
-2690
-2661
-2633
-2604
-2576
-2546
-2516
-2485
-2455
-2424
-2393
-2363
-2332
-2301
-2270
-2238
-2206
-2175
-2145
-2114
-2081
-2046
-2013
-1983
-1956
-1931
-1910
-1890
-1868
-1845
-1823
-1800
-1776
-1750
-1724
-1697
-1670
-1643
-1614
-1584
-1555
-1527
-1502
-1478
-1456
-1436
-1417
-1402
-1391
-1383
-1379
-1378
-1381
-1389
-1399
-1414
-1430
-1451
-1474
-1499
-1526
-1554
-1583
-1613
-1643
-1675
-1704
-1733
-1761
-1790
-1820
-1852
-1888
-1928
-1968
-2008
-2045
-2084
-2122
-2158
-2192
-2226
-2258
-2290
-2320
-2348
-2372
-2397
-2423
-2447
-2471
-2492
-2513
-2531
-2548
-2564
-2580
-2595
-2610
-2623
-2637
-2649
-2662
-2673
-2683
-2693
-2702
-2710
-2719
-2727
-2734
-2740
-2747
-2754
-2761
-2766
-2770
-2775
-2778
-2782
-2789
-2801
-2816
-2829
-2842
-2854
-2866
-2876
-2887
-2894
-2901
-2906
-2912
-2916
-2918
-2917
-2918
-2918
-2917
-2914
-2911
-2907
-2901
-2894
-2885
-2877
-2868
-2857
-2847
-2837
-2830
-2823
-2817
-2813
-2809
-2806
-2805
-2806
-2808
-2810
-2812
-2812
-2810
-2808
-2807
-2805
-2807
-2814
-2822
-2831
-2837
-2843
-2849
-2855
-2860
-2864
-2867
-2871
-2874
-2875
-2873
-2870
-2868
-2867
-2865
-2862
-2860
-2857
-2853
-2850
-2847
-2845
-2843
-2842
-2842
-2842
-2843
-2844
-2846
-2849
-2851
-2854
-2855
-2855
-2853
-2852
-2851
-2851
-2854
-2862
-2873
-2884
-2896
-2908
-2920
-2932
-2943
-2949
-2956
-2961
-2966
-2971
-2973
-2975
-2977
-2979
-2981
-2982
-2982
-2982
-2980
-2978
-2977
-2975
-2974
-2973
-2972
-2969
-2966
-2963
-2961
-2959
-2957
-2955
-2954
-2953
-2952
-2951
-2948
-2944
-2937
-2929
-2919
-2907
-2899
-2894
-2889
-2882
-2871
-2858
-2842
-2823
-2801
-2775
-2749
-2721
-2691
-2660
-2627
-2593
-2560
-2527
-2493
-2458
-2424
-2389
-2352
-2316
-2280
-2245
-2209
-2174
-2140
-2105
-2069
-2033
-1998
-1962
-1926
-1890
-1853
-1816
-1779
-1743
-1704
-1662
-1621
-1581
-1544
-1510
-1479
-1451
-1424
-1394
-1366
-1337
-1309
-1282
-1257
-1232
-1209
-1186
-1164
-1144
-1128
-1117
-1114
-1117
-1126
-1139
-1155
-1173
-1194
-1218
-1244
-1276
-1309
-1346
-1384
-1423
-1461
-1500
-1538
-1575
-1612
-1649
-1685
-1721
-1755
-1790
-1826
-1864
-1906
-1949
-1993
-2034
-2074
-2113
-2152
-2189
-2225
-2259
-2293
-2326
-2357
-2385
-2411
-2437
-2464
-2488
-2511
-2534
-2555
-2574
-2591
-2607
-2622
-2638
-2653
-2668
-2681
-2694
-2706
-2717
-2728
-2738
-2747
-2757
-2767
-2777
-2787
-2796
-2804
-2809
-2814
-2818
-2822
-2828
-2838
-2852
-2866
-2879
-2892
-2905
-2916
-2927
-2936
-2942
-2947
-2952
-2956
-2957
-2958
-2961
-2963
-2965
-2966
-2964
-2961
-2959
-2956
-2954
-2951
-2950
-2948
-2947
-2947
-2946
-2945
-2944
-2943
-2942
-2941
-2940
-2940
-2939
-2939
-2939
-2938
-2938
-2938
-2939
-2941
-2942
-2940
-2939
-2937
-2933
-2931
-2935
-2941
-2948
-2955
-2962
-2969
-2977
-2983
-2987
-2991
-2993
-2995
-2996
-2995
-2993
-2991
-2990
-2989
-2984
-2978
-2970
-2960
-2948
-2934
-2920
-2906
-2891
-2875
-2857
-2838
-2818
-2797
-2775
-2752
-2728
-2705
-2680
-2655
-2630
-2605
-2579
-2552
-2525
-2497
-2470
-2443
-2415
-2384
-2353
-2321
-2292
-2265
-2242
-2221
-2201
-2178
-2156
-2133
-2108
-2083
-2056
-2029
-2002
-1974
-1945
-1914
-1882
-1850
-1819
-1788
-1757
-1726
-1695
-1664
-1633
-1602
-1571
-1542
-1514
-1487
-1461
-1438
-1415
-1395
-1377
-1362
-1351
-1344
-1341
-1342
-1344
-1349
-1356
-1366
-1375
-1385
-1397
-1413
-1433
-1456
-1483
-1514
-1546
-1577
-1609
-1640
-1670
-1700
-1731
-1760
-1791
-1820
-1848
-1873
-1897
-1922
-1947
-1972
-1999
-2027
-2053
-2078
-2103
-2127
-2150
-2174
-2197
-2220
-2245
-2269
-2292
-2315
-2337
-2356
-2375
-2393
-2410
-2427
-2444
-2459
-2477
-2493
-2505
-2519
-2530
-2542
-2556
-2573
-2595
-2618
-2639
-2660
-2680
-2700
-2718
-2735
-2751
-2764
-2780
-2793
-2804
-2813
-2821
-2830
-2838
-2845
-2851
-2856
-2860
-2863
-2866
-2869
-2872
-2875
-2878
-2880
-2883
-2885
-2885
-2884
-2884
-2884
-2884
-2885
-2885
-2887
-2889
-2891
-2891
-2889
-2887
-2886
-2884
-2883
-2886
-2894
-2903
-2912
-2920
-2928
-2935
-2941
-2945
-2946
-2943
-2939
-2933
-2924
-2910
-2896
-2882
-2867
-2851
-2833
-2814
-2793
-2771
-2747
-2722
-2696
-2670
-2643
-2616
-2588
-2561
-2532
-2503
-2472
-2443
-2411
-2380
-2348
-2316
-2284
-2253
-2221
-2187
-2152
-2118
-2086
-2057
-2032
-2010
-1988
-1965
-1941
-1917
-1893
-1868
-1842
-1816
-1789
-1763
-1734
-1704
-1673
-1640
-1611
-1584
-1557
-1533
-1512
-1492
-1476
-1465
-1458
-1458
-1462
-1474
-1490
-1510
-1533
-1559
-1588
-1618
-1649
-1682
-1717
-1754
-1787
-1820
-1852
-1884
-1917
-1953
-1992
-2033
-2074
-2114
-2152
-2189
-2224
-2259
-2292
-2324
-2356
-2385
-2412
-2437
-2459
-2480
-2498
-2516
-2532
-2546
-2560
-2573
-2586
-2598
-2609
-2619
-2628
-2636
-2642
-2647
-2651
-2654
-2655
-2656
-2658
-2658
-2658
-2659
-2658
-2659
-2658
-2655
-2653
-2651
-2648
-2648
-2652
-2659
-2666
-2673
-2678
-2683
-2688
-2693
-2697
-2701
-2704
-2707
-2710
-2710
-2710
-2708
-2708
-2707
-2704
-2702
-2698
-2695
-2692
-2689
-2686
-2684
-2681
-2679
-2676
-2673
-2670
-2668
-2665
-2662
-2660
-2658
-2656
-2656
-2656
-2658
-2661
-2665
-2669
-2672
-2674
-2676
-2678
-2681
-2689
-2700
-2714
-2727
-2739
-2751
-2763
-2773
-2783
-2792
-2798
-2805
-2812
-2817
-2820
-2822
-2826
-2830
-2833
-2836
-2839
-2842
-2843
-2844
-2845
-2846
-2848
-2849
-2851
-2854
-2856
-2859
-2861
-2863
-2864
-2866
-2867
-2869
-2871
-2872
-2872
-2873
-2874
-2876
-2878
-2880
-2882
-2881
-2881
-2879
-2876
-2876
-2883
-2892
-2903
-2913
-2922
-2931
-2940
-2946
-2952
-2957
-2960
-2964
-2966
-2966
-2964
-2964
-2963
-2961
-2957
-2953
-2949
-2945
-2940
-2936
-2931
-2928
-2924
-2921
-2917
-2914
-2912
-2909
-2905
-2902
-2900
-2897
-2894
-2891
-2887
-2883
-2880
-2877
-2875
-2874
-2872
-2870
-2866
-2862
-2856
-2853
-2856
-2862
-2870
-2878
-2883
-2889
-2895
-2900
-2904
-2907
-2909
-2911
-2912
-2910
-2906
-2902
-2899
-2896
-2890
-2885
-2877
-2867
-2853
-2836
-2815
-2790
-2763
-2730
-2694
-2655
-2613
-2570
-2526
-2480
-2434
-2387
-2338
-2288
-2238
-2187
-2136
-2084
-2030
-1974
-1922
-1876
-1837
-1807
-1786
-1773
-1765
-1763
-1766
-1772
-1778
-1784
-1789
-1794
-1799
-1805
-1809
-1813
-1819
-1827
-1836
-1844
-1852
-1858
-1864
-1869
-1875
-1881
-1889
-1897
-1905
-1914
-1923
-1933
-1942
-1950
-1957
-1965
-1973
-1983
-1993
-2000
-2006
-2013
-2020
-2029
-2042
-2061
-2084
-2107
-2130
-2154
-2176
-2200
-2225
-2248
-2272
-2296
-2320
-2342
-2361
-2378
-2396
-2415
-2433
-2451
-2468
-2484
-2500
-2516
-2531
-2547
-2562
-2577
-2593
-2609
-2623
-2636
-2649
-2662
-2674
-2687
-2697
-2705
-2712
-2719
-2724
-2731
-2742
-2757
-2773
-2790
-2805
-2820
-2833
-2846
-2857
-2868
-2877
-2886
-2893
-2898
-2902
-2902
-2903
-2904
-2905
-2905
-2906
-2905
-2904
-2904
-2903
-2902
-2902
-2901
-2901
-2901
-2901
-2900
-2900
-2899
-2899
-2897
-2896
-2896
-2896
-2897
-2898
-2900
-2901
-2900
-2900
-2896
-2893
-2893
-2898
-2908
-2917
-2927
-2935
-2945
-2953
-2960
-2966
-2971
-2975
-2979
-2981
-2981
-2981
-2981
-2980
-2979
-2976
-2971
-2964
-2954
-2943
-2930
-2916
-2902
-2887
-2870
-2851
-2831
-2811
-2789
-2767
-2742
-2718
-2693
-2667
-2641
-2615
-2589
-2561
-2533
-2506
-2478
-2451
-2422
-2392
-2359
-2326
-2295
-2266
-2241
-2221
-2199
-2177
-2154
-2130
-2106
-2080
-2052
-2024
-1996
-1967
-1936
-1904
-1869
-1836
-1805
-1774
-1743
-1713
-1680
-1647
-1614
-1581
-1549
-1518
-1488
-1460
-1433
-1407
-1383
-1360
-1337
-1316
-1297
-1280
-1266
-1255
-1246
-1242
-1243
-1248
-1255
-1265
-1282
-1304
-1331
-1363
-1401
-1443
-1486
-1528
-1570
-1612
-1653
-1695
-1738
-1779
-1821
-1861
-1897
-1930
-1963
-1994
-2025
-2057
-2088
-2118
-2148
-2176
-2203
-2229
-2254
-2277
-2300
-2322
-2345
-2367
-2387
-2407
-2426
-2444
-2461
-2478
-2494
-2510
-2526
-2542
-2556
-2572
-2585
-2596
-2606
-2615
-2625
-2636
-2652
-2672
-2692
-2711
-2729
-2748
-2764
-2780
-2795
-2807
-2820
-2832
-2843
-2852
-2858
-2864
-2871
-2877
-2882
-2885
-2885
-2884
-2883
-2882
-2882
-2882
-2882
-2882
-2883
-2883
-2882
-2882
-2882
-2882
-2882
-2882
-2882
-2883
-2883
-2883
-2882
-2881
-2880
-2880
-2881
-2882
-2883
-2882
-2882
-2880
-2879
-2880
-2886
-2895
-2904
-2913
-2922
-2931
-2939
-2946
-2952
-2956
-2960
-2963
-2965
-2965
-2965
-2965
-2965
-2964
-2961
-2958
-2955
-2951
-2947
-2943
-2939
-2937
-2935
-2932
-2930
-2927
-2925
-2923
-2921
-2919
-2917
-2916
-2915
-2914
-2912
-2910
-2909
-2908
-2907
-2907
-2906
-2907
-2907
-2908
-2905
-2901
-2898
-2894
-2892
-2892
-2895
-2898
-2901
-2902
-2902
-2900
-2897
-2892
-2885
-2876
-2866
-2854
-2839
-2822
-2803
-2785
-2766
-2746
-2725
-2703
-2680
-2654
-2628
-2602
-2576
-2548
-2521
-2493
-2465
-2436
-2406
-2376
-2345
-2313
-2281
-2249
-2217
-2184
-2151
-2118
-2085
-2050
-2016
-1982
-1948
-1915
-1881
-1844
-1808
-1774
-1743
-1714
-1688
-1665
-1642
-1619
-1595
-1572
-1549
-1525
-1503
-1481
-1461
-1443
-1427
-1410
-1394
-1381
-1371
-1363
-1358
-1354
-1351
-1350
-1351
-1355
-1361
-1370
-1382
-1396
-1413
-1433
-1453
-1477
-1503
-1530
-1558
-1587
-1618
-1650
-1683
-1716
-1748
-1778
-1808
-1838
-1870
-1903
-1940
-1981
-2019
-2056
-2091
-2126
-2159
-2191
-2222
-2251
-2280
-2308
-2334
-2356
-2377
-2397
-2419
-2439
-2457
-2475
-2491
-2506
-2520
-2534
-2547
-2561
-2574
-2588
-2600
-2612
-2623
-2634
-2644
-2654
-2663
-2672
-2681
-2691
-2699
-2708
-2716
-2724
-2733
-2741
-2748
-2754
-2760
-2764
-2770
-2778
-2789
-2804
-2818
-2831
-2844
-2856
-2869
-2880
-2890
-2898
-2905
-2911
-2917
-2919
-2921
-2922
-2922
-2921
-2920
-2918
-2917
-2915
-2913
-2911
-2910
-2908
-2906
-2905
-2903
-2902
-2901
-2900
-2899
-2898
-2897
-2896
-2893
-2890
-2888
-2886
-2885
-2884
-2883
-2883
-2883
-2884
-2884
-2885
-2885
-2885
-2883
-2882
-2881
-2882
-2887
-2894
-2899
-2904
-2910
-2914
-2917
-2919
-2918
-2915
-2910
-2905
-2896
-2884
-2870
-2855
-2840
-2824
-2807
-2788
-2767
-2746
-2724
-2701
-2677
-2653
-2630
-2607
-2582
-2557
-2531
-2505
-2477
-2448
-2419
-2388
-2357
-2326
-2295
-2263
-2232
-2199
-2167
-2135
-2103
-2071
-2037
-2001
-1966
-1932
-1901
-1873
-1847
-1822
-1798
-1771
-1744
-1718
-1691
-1663
-1634
-1604
-1575
-1546
-1515
-1484
-1454
-1425
-1398
-1374
-1350
-1330
-1311
-1295
-1279
-1266
-1256
-1248
-1242
-1241
-1243
-1249
-1259
-1271
-1287
-1303
-1321
-1340
-1362
-1386
-1413
-1441
-1470
-1500
-1532
-1564
-1598
-1635
-1676
-1718
-1761
-1802
-1844
-1885
-1925
-1962
-1999
-2035
-2070
-2103
-2134
-2162
-2190
-2217
-2244
-2269
-2294
-2317
-2339
-2361
-2381
-2401
-2422
-2442
-2460
-2479
-2495
-2512
-2527
-2541
-2555
-2569
-2582
-2596
-2608
-2620
-2632
-2643
-2655
-2665
-2673
-2681
-2689
-2695
-2704
-2716
-2730
-2746
-2761
-2776
-2789
-2804
-2817
-2829
-2840
-2849
-2857
-2864
-2870
-2873
-2877
-2880
-2882
-2884
-2885
-2886
-2886
-2886
-2885
-2884
-2884
-2883
-2881
-2880
-2879
-2878
-2877
-2877
-2876
-2876
-2875
-2874
-2872
-2870
-2869
-2868
-2868
-2868
-2868
-2869
-2871
-2872
-2871
-2870
-2869
-2868
-2869
-2875
-2882
-2891
-2900
-2907
-2913
-2918
-2924
-2928
-2931
-2933
-2935
-2937
-2937
-2935
-2933
-2933
-2931
-2930
-2929
-2927
-2925
-2921
-2918
-2914
-2910
-2905
-2900
-2892
-2884
-2875
-2864
-2852
-2839
-2824
-2807
-2790
-2772
-2753
-2734
-2714
-2692
-2669
-2646
-2623
-2601
-2578
-2553
-2526
-2499
-2472
-2447
-2424
-2404
-2385
-2364
-2343
-2321
-2298
-2275
-2251
-2226
-2198
-2171
-2143
-2113
-2081
-2049
-2018
-1989
-1959
-1930
-1900
-1869
-1839
-1807
-1776
-1745
-1713
-1681
-1650
-1620
-1590
-1561
-1533
-1506
-1479
-1454
-1429
-1405
-1384
-1366
-1350
-1337
-1325
-1316
-1314
-1316
-1324
-1338
-1357
-1381
-1407
-1436
-1465
-1497
-1528
-1561
-1593
-1627
-1660
-1695
-1726
-1757
-1788
-1821
-1853
-1886
-1918
-1950
-1981
-2011
-2039
-2068
-2095
-2123
-2150
-2176
-2201
-2226
-2250
-2272
-2294
-2316
-2337
-2358
-2379
-2399
-2418
-2437
-2451
-2465
-2478
-2491
-2506
-2524
-2545
-2567
-2588
-2608
-2627
-2646
-2663
-2679
-2695
-2708
-2722
-2735
-2745
-2753
-2762
-2770
-2778
-2785
-2791
-2797
-2801
-2805
-2808
-2811
-2815
-2817
-2820
-2824
-2827
-2831
-2834
-2836
-2839
-2841
-2843
-2846
-2848
-2850
-2853
-2855
-2857
-2860
-2863
-2865
-2865
-2866
-2865
-2866
-2871
-2880
-2891
-2901
-2911
-2921
-2930
-2939
-2947
-2953
-2957
-2958
-2959
-2959
-2957
-2955
-2955
-2955
-2954
-2954
-2952
-2950
-2947
-2943
-2940
-2937
-2934
-2932
-2930
-2928
-2925
-2920
-2914
-2908
-2899
-2891
-2881
-2870
-2859
-2847
-2834
-2819
-2804
-2789
-2773
-2756
-2737
-2716
-2693
-2670
-2647
-2626
-2608
-2592
-2574
-2555
-2535
-2515
-2493
-2469
-2443
-2417
-2389
-2362
-2333
-2302
-2269
-2237
-2206
-2174
-2142
-2110
-2077
-2044
-2010
-1977
-1944
-1912
-1881
-1851
-1821
-1792
-1763
-1733
-1704
-1675
-1648
-1623
-1600
-1581
-1565
-1554
-1549
-1546
-1546
-1549
-1558
-1572
-1590
-1614
-1644
-1679
-1716
-1752
-1790
-1827
-1864
-1901
-1937
-1974
-2010
-2047
-2080
-2111
-2141
-2172
-2201
-2229
-2256
-2281
-2305
-2330
-2353
-2376
-2398
-2419
-2438
-2457
-2475
-2492
-2508
-2524
-2540
-2555
-2570
-2583
-2596
-2609
-2622
-2635
-2648
-2660
-2670
-2679
-2687
-2696
-2706
-2721
-2738
-2756
-2772
-2788
-2804
-2818
-2832
-2843
-2854
-2863
-2872
-2880
-2883
-2883
-2884
-2885
-2886
-2887
-2887
-2887
-2886
-2884
-2881
-2879
-2877
-2876
-2875
-2875
-2874
-2874
-2873
-2873
-2872
-2869
-2867
-2866
-2866
-2866
-2867
-2867
-2866
-2865
-2863
-2861
-2861
-2864
-2871
-2878
-2886
-2892
-2900
-2905
-2910
-2912
-2912
-2912
-2911
-2910
-2907
-2902
-2898
-2894
-2891
-2886
-2882
-2879
-2876
-2872
-2868
-2866
-2864
-2862
-2860
-2858
-2856
-2855
-2853
-2852
-2849
-2848
-2846
-2845
-2844
-2842
-2839
-2837
-2834
-2832
-2833
-2838
-2844
-2850
-2855
-2861
-2867
-2872
-2878
-2883
-2887
-2891
-2894
-2894
-2892
-2888
-2884
-2881
-2879
-2878
-2878
-2877
-2876
-2875
-2874
-2871
-2869
-2867
-2865
-2864
-2863
-2862
-2861
-2860
-2859
-2858
-2857
-2855
-2851
-2848
-2844
-2841
-2841
-2844
-2851
-2858
-2866
-2873
-2879
-2886
-2891
-2896
-2899
-2902
-2903
-2902
-2899
-2896
-2895
-2893
-2890
-2886
-2881
-2873
-2862
-2847
-2830
-2812
-2793
-2771
-2747
-2722
-2695
-2668
-2640
-2613
-2583
-2553
-2524
-2495
-2466
-2437
-2407
-2377
-2344
-2311
-2278
-2248
-2220
-2197
-2175
-2153
-2130
-2105
-2080
-2053
-2025
-1997
-1966
-1936
-1905
-1872
-1837
-1802
-1767
-1735
-1702
-1669
-1637
-1604
-1569
-1535
-1501
-1467
-1435
-1404
-1373
-1343
-1315
-1287
-1260
-1233
-1205
-1179
-1154
-1130
-1103
-1070
-1035
-1002
-973
-945
-920
-896
-873
-850
-824
-799
-773
-747
-721
-694
-668
-641
-613
-587
-561
-536
-512
-490
-469
-448
-429
-412
-399
-393
-392
-395
-402
-412
-427
-443
-463
-486
-516
-552
-593
-636
-679
-723
-770
-819
-871
-925
-984
-1046
-1106
-1164
-1220
-1276
-1329
-1381
-1432
-1483
-1535
-1585
-1631
-1673
-1712
-1750
-1788
-1824
-1860
-1897
-1933
-1968
-2001
-2033
-2063
-2091
-2119
-2145
-2171
-2196
-2221
-2247
-2272
-2296
-2319
-2340
-2362
-2383
-2403
-2421
-2437
-2451
-2465
-2477
-2490
-2506
-2526
-2546
-2565
-2583
-2601
-2618
-2635
-2650
-2664
-2678
-2690
-2702
-2711
-2719
-2727
-2736
-2744
-2751
-2756
-2761
-2765
-2768
-2772
-2775
-2777
-2780
-2782
-2784
-2786
-2787
-2789
-2790
-2791
-2792
-2794
-2796
-2799
-2801
-2804
-2806
-2808
-2810
-2812
-2814
-2817
-2820
-2824
-2828
-2832
-2836
-2838
-2839
-2840
-2840
-2841
-2846
-2855
-2864
-2873
-2881
-2889
-2897
-2905
-2912
-2915
-2916
-2917
-2918
-2917
-2915
-2913
-2912
-2912
-2911
-2909
-2907
-2904
-2901
-2898
-2894
-2892
-2889
-2887
-2885
-2882
-2879
-2877
-2873
-2871
-2868
-2865
-2863
-2861
-2859
-2856
-2853
-2850
-2847
-2845
-2843
-2842
-2842
-2841
-2841
-2843
-2846
-2847
-2848
-2848
-2848
-2849
-2852
-2859
-2866
-2874
-2880
-2886
-2889
-2892
-2892
-2890
-2886
-2880
-2872
-2860
-2843
-2825
-2807
-2790
-2771
-2751
-2729
-2706
-2682
-2656
-2631
-2607
-2582
-2555
-2529
-2502
-2474
-2447
-2417
-2388
-2358
-2329
-2299
-2270
-2242
-2212
-2184
-2155
-2127
-2099
-2070
-2042
-2014
-1985
-1954
-1923
-1893
-1866
-1842
-1820
-1801
-1782
-1763
-1742
-1720
-1699
-1675
-1653
-1630
-1608
-1586
-1565
-1544
-1523
-1502
-1485
-1470
-1459
-1450
-1444
-1442
-1441
-1442
-1445
-1450
-1455
-1462
-1472
-1483
-1497
-1512
-1528
-1546
-1563
-1581
-1599
-1617
-1634
-1653
-1674
-1695
-1716
-1734
-1751
-1769
-1789
-1810
-1835
-1862
-1892
-1921
-1949
-1977
-2004
-2030
-2055
-2080
-2105
-2130
-2155
-2178
-2199
-2219
-2239
-2258
-2277
-2295
-2313
-2330
-2347
-2364
-2381
-2396
-2412
-2427
-2441
-2455
-2469
-2482
-2496
-2509
-2522
-2534
-2547
-2557
-2568
-2578
-2588
-2598
-2607
-2617
-2627
-2637
-2646
-2654
-2660
-2666
-2673
-2681
-2693
-2708
-2723
-2738
-2751
-2765
-2778
-2790
-2800
-2810
-2818
-2825
-2832
-2837
-2840
-2842
-2845
-2848
-2851
-2852
-2854
-2856
-2856
-2857
-2857
-2858
-2858
-2859
-2859
-2860
-2861
-2863
-2864
-2865
-2865
-2866
-2866
-2867
-2868
-2868
-2868
-2868
-2869
-2870
-2870
-2870
-2872
-2873
-2876
-2877
-2877
-2872
-2869
-2866
-2864
-2865
-2871
-2878
-2886
-2893
-2900
-2907
-2913
-2918
-2922
-2925
-2927
-2928
-2928
-2926
-2922
-2919
-2915
-2911
-2905
-2897
-2889
-2879
-2868
-2856
-2842
-2827
-2811
-2795
-2778
-2761
-2743
-2724
-2704
-2683
-2662
-2642
-2620
-2598
-2576
-2552
-2528
-2503
-2477
-2450
-2424
-2398
-2371
-2345
-2319
-2290
-2260
-2230
-2202
-2178
-2155
-2135
-2117
-2098
-2079
-2060
-2042
-2023
-2002
-1979
-1956
-1933
-1908
-1883
-1856
-1828
-1803
-1779
-1756
-1734
-1714
-1695
-1677
-1662
-1649
-1640
-1634
-1630
-1630
-1632
-1638
-1646
-1656
-1666
-1678
-1691
-1704
-1720
-1735
-1751
-1769
-1789
-1809
-1829
-1848
-1866
-1883
-1901
-1922
-1945
-1973
-2004
-2036
-2067
-2097
-2126
-2155
-2182
-2209
-2234
-2259
-2284
-2307
-2327
-2345
-2361
-2380
-2397
-2414
-2430
-2446
-2460
-2474
-2487
-2499
-2511
-2523
-2534
-2545
-2556
-2566
-2575
-2585
-2593
-2601
-2610
-2617
-2624
-2631
-2638
-2645
-2652
-2659
-2667
-2675
-2682
-2688
-2693
-2697
-2701
-2707
-2716
-2729
-2744
-2759
-2772
-2784
-2797
-2809
-2819
-2828
-2834
-2841
-2846
-2851
-2853
-2854
-2856
-2859
-2861
-2863
-2864
-2866
-2866
-2865
-2865
-2865
-2865
-2866
-2866
-2867
-2868
-2869
-2870
-2872
-2872
-2873
-2874
-2874
-2875
-2876
-2876
-2876
-2876
-2877
-2878
-2879
-2880
-2882
-2884
-2884
-2882
-2880
-2878
-2877
-2877
-2882
-2890
-2899
-2907
-2915
-2920
-2926
-2931
-2936
-2939
-2941
-2942
-2941
-2938
-2932
-2925
-2918
-2910
-2901
-2889
-2877
-2863
-2848
-2830
-2813
-2794
-2777
-2758
-2739
-2720
-2699
-2678
-2655
-2631
-2607
-2582
-2557
-2531
-2505
-2478
-2450
-2423
-2396
-2368
-2339
-2311
-2283
-2254
-2225
-2196
-2163
-2131
-2101
-2074
-2050
-2028
-2007
-1985
-1964
-1942
-1920
-1896
-1873
-1848
-1822
-1797
-1771
-1744
-1716
-1687
-1660
-1635
-1612
-1591
-1571
-1554
-1538
-1523
-1512
-1503
-1497
-1495
-1496
-1501
-1509
-1521
-1534
-1549
-1565
-1583
-1601
-1620
-1641
-1661
-1686
-1711
-1737
-1763
-1785
-1807
-1831
-1856
-1884
-1915
-1950
-1987
-2024
-2059
-2093
-2126
-2157
-2187
-2216
-2244
-2272
-2301
-2327
-2351
-2373
-2395
-2416
-2436
-2455
-2474
-2492
-2510
-2527
-2543
-2559
-2574
-2588
-2602
-2614
-2627
-2639
-2650
-2661
-2671
-2680
-2689
-2697
-2706
-2714
-2722
-2728
-2735
-2741
-2747
-2755
-2762
-2768
-2771
-2776
-2779
-2784
-2792
-2804
-2818
-2832
-2845
-2858
-2870
-2881
-2891
-2897
-2901
-2904
-2908
-2910
-2911
-2911
-2911
-2912
-2913
-2913
-2913
-2912
-2911
-2908
-2906
-2905
-2903
-2902
-2901
-2900
-2898
-2896
-2895
-2894
-2892
-2892
-2890
-2890
-2889
-2887
-2884
-2882
-2881
-2880
-2879
-2879
-2878
-2879
-2879
-2880
-2881
-2880
-2879
-2878
-2877
-2876
-2879
-2885
-2893
-2900
-2906
-2912
-2918
-2922
-2924
-2925
-2923
-2920
-2915
-2907
-2895
-2881
-2866
-2852
-2838
-2822
-2805
-2787
-2769
-2750
-2730
-2710
-2690
-2670
-2649
-2629
-2608
-2587
-2564
-2541
-2517
-2493
-2469
-2445
-2421
-2395
-2370
-2345
-2318
-2291
-2263
-2235
-2207
-2180
-2153
-2124
-2093
-2062
-2035
-2010
-1988
-1970
-1955
-1940
-1925
-1911
-1900
-1891
-1883
-1877
-1875
-1875
-1878
-1883
-1889
-1898
-1910
-1926
-1945
-1967
-1991
-2016
-2041
-2066
-2091
-2117
-2145
-2172
-2199
-2228
-2257
-2284
-2311
-2336
-2360
-2382
-2404
-2425
-2445
-2465
-2484
-2502
-2519
-2536
-2553
-2568
-2580
-2593
-2603
-2615
-2630
-2648
-2668
-2688
-2707
-2725
-2741
-2756
-2769
-2783
-2795
-2805
-2815
-2823
-2829
-2833
-2837
-2841
-2845
-2849
-2853
-2855
-2857
-2858
-2858
-2858
-2859
-2859
-2859
-2859
-2859
-2858
-2857
-2856
-2855
-2853
-2852
-2851
-2850
-2850
-2850
-2849
-2849
-2849
-2849
-2849
-2850
-2850
-2851
-2854
-2857
-2858
-2858
-2858
-2857
-2858
-2862
-2870
-2880
-2890
-2899
-2909
-2917
-2925
-2932
-2938
-2943
-2946
-2949
-2949
-2947
-2944
-2941
-2940
-2938
-2937
-2935
-2933
-2930
-2925
-2918
-2913
-2908
-2904
-2901
-2898
-2895
-2892
-2890
-2887
-2884
-2882
-2880
-2878
-2877
-2875
-2874
-2873
-2872
-2870
-2869
-2867
-2866
-2866
-2866
-2867
-2867
-2866
-2864
-2863
-2862
-2864
-2870
-2879
-2887
-2896
-2905
-2913
-2921
-2926
-2929
-2932
-2933
-2934
-2935
-2934
-2931
-2929
-2928
-2927
-2925
-2923
-2921
-2918
-2914
-2910
-2907
-2903
-2901
-2896
-2890
-2884
-2879
-2873
-2867
-2859
-2852
-2843
-2835
-2825
-2813
-2801
-2788
-2772
-2756
-2739
-2721
-2702
-2683
-2663
-2643
-2621
-2596
-2569
-2543
-2517
-2493
-2472
-2453
-2434
-2413
-2391
-2368
-2345
-2320
-2293
-2265
-2237
-2207
-2177
-2145
-2113
-2080
-2048
-2017
-1986
-1955
-1924
-1891
-1858
-1826
-1793
-1762
-1733
-1703
-1674
-1647
-1622
-1599
-1580
-1564
-1551
-1543
-1537
-1537
-1540
-1548
-1559
-1575
-1596
-1620
-1644
-1669
-1696
-1726
-1758
-1795
-1835
-1879
-1925
-1968
-2011
-2052
-2093
-2132
-2169
-2207
-2243
-2279
-2313
-2345
-2373
-2400
-2426
-2450
-2473
-2494
-2514
-2532
-2549
-2566
-2582
-2597
-2610
-2623
-2635
-2646
-2657
-2667
-2676
-2685
-2693
-2702
-2709
-2716
-2723
-2730
-2736
-2743
-2750
-2757
-2761
-2765
-2768
-2772
-2776
-2785
-2796
-2810
-2822
-2833
-2844
-2856
-2865
-2874
-2882
-2888
-2894
-2898
-2901
-2899
-2898
-2898
-2899
-2899
-2899
-2898
-2898
-2896
-2893
-2888
-2884
-2881
-2878
-2876
-2875
-2873
-2872
-2871
-2869
-2868
-2866
-2865
-2864
-2863
-2862
-2862
-2862
-2862
-2863
-2864
-2865
-2867
-2868
-2869
-2868
-2867
-2865
-2865
-2866
-2871
-2878
-2885
-2892
-2898
-2905
-2911
-2917
-2920
-2922
-2923
-2924
-2924
-2922
-2918
-2916
-2915
-2914
-2912
-2907
-2902
-2897
-2891
-2886
-2881
-2876
-2873
-2869
-2867
-2864
-2861
-2858
-2855
-2852
-2850
-2848
-2847
-2846
-2845
-2846
-2846
-2847
-2848
-2848
-2847
-2846
-2845
-2842
-2841
-2845
-2853
-2861
-2869
-2875
-2881
-2887
-2892
-2896
-2899
-2900
-2900
-2899
-2898
-2894
-2891
-2889
-2888
-2886
-2884
-2882
-2879
-2876
-2873
-2869
-2866
-2863
-2860
-2859
-2856
-2853
-2849
-2845
-2842
-2839
-2836
-2834
-2832
-2830
-2828
-2825
-2821
-2814
-2806
-2795
-2782
-2770
-2759
-2748
-2734
-2718
-2700
-2680
-2658
-2633
-2605
-2575
-2544
-2512
-2478
-2442
-2403
-2366
-2328
-2290
-2250
-2210
-2169
-2128
-2086
-2044
-2002
-1961
-1921
-1882
-1842
-1803
-1763
-1723
-1682
-1640
-1595
-1552
-1507
-1465
-1420
-1377
-1330
-1284
-1242
-1206
-1174
-1149
-1130
-1117
-1111
-1111
-1119
-1135
-1161
-1194
-1233
-1276
-1321
-1366
-1409
-1449
-1489
-1531
-1572
-1613
-1653
-1691
-1726
-1757
-1785
-1810
-1833
-1854
-1874
-1893
-1911
-1926
-1936
-1942
-1944
-1944
-1943
-1942
-1942
-1942
-1941
-1942
-1943
-1947
-1953
-1964
-1977
-1991
-2003
-2016
-2028
-2040
-2050
-2058
-2066
-2073
-2080
-2086
-2090
-2092
-2095
-2099
-2106
-2112
-2119
-2127
-2137
-2148
-2159
-2171
-2184
-2199
-2214
-2231
-2247
-2265
-2282
-2300
-2318
-2337
-2356
-2374
-2389
-2403
-2416
-2430
-2444
-2464
-2487
-2511
-2534
-2556
-2577
-2598
-2617
-2636
-2654
-2670
-2686
-2703
-2717
-2729
-2742
-2755
-2767
-2777
-2786
-2795
-2803
-2810
-2816
-2823
-2828
-2834
-2839
-2844
-2849
-2853
-2857
-2860
-2862
-2865
-2868
-2871
-2874
-2878
-2880
-2881
-2881
-2880
-2877
-2877
-2882
-2890
-2899
-2908
-2916
-2925
-2933
-2938
-2942
-2945
-2947
-2949
-2951
-2949
-2948
-2948
-2948
-2947
-2945
-2942
-2940
-2937
-2933
-2928
-2922
-2917
-2911
-2904
-2896
-2888
-2877
-2865
-2852
-2837
-2820
-2803
-2785
-2766
-2746
-2725
-2702
-2679
-2654
-2630
-2606
-2578
-2549
-2520
-2491
-2464
-2441
-2421
-2402
-2381
-2360
-2338
-2315
-2290
-2263
-2236
-2208
-2179
-2150
-2118
-2085
-2053
-2022
-1991
-1961
-1930
-1900
-1868
-1838
-1807
-1777
-1749
-1723
-1701
-1680
-1663
-1650
-1641
-1635
-1634
-1636
-1643
-1653
-1668
-1687
-1710
-1736
-1763
-1789
-1815
-1843
-1872
-1903
-1939
-1979
-2022
-2064
-2106
-2145
-2184
-2221
-2257
-2290
-2324
-2357
-2388
-2416
-2440
-2463
-2486
-2507
-2528
-2546
-2564
-2580
-2594
-2607
-2620
-2632
-2644
-2655
-2666
-2678
-2688
-2699
-2708
-2716
-2725
-2732
-2739
-2747
-2753
-2759
-2766
-2773
-2780
-2787
-2794
-2800
-2805
-2808
-2811
-2813
-2816
-2822
-2832
-2845
-2857
-2868
-2880
-2891
-2902
-2910
-2916
-2920
-2924
-2927
-2929
-2928
-2928
-2929
-2931
-2931
-2929
-2926
-2923
-2919
-2915
-2912
-2908
-2906
-2904
-2902
-2900
-2898
-2897
-2895
-2893
-2891
-2890
-2889
-2888
-2887
-2884
-2881
-2879
-2877
-2876
-2875
-2874
-2875
-2875
-2876
-2875
-2873
-2871
-2868
-2866
-2865
-2869
-2874
-2879
-2882
-2883
-2883
-2882
-2877
-2870
-2860
-2848
-2835
-2819
-2799
-2776
-2752
-2728
-2703
-2676
-2649
-2620
-2591
-2561
-2531
-2501
-2471
-2441
-2411
-2380
-2350
-2318
-2287
-2254
-2221
-2188
-2154
-2121
-2087
-2055
-2022
-1989
-1956
-1922
-1889
-1858
-1827
-1796
-1764
-1728
-1695
-1665
-1638
-1616
-1599
-1587
-1578
-1571
-1567
-1567
-1570
-1577
-1588
-1602
-1620
-1642
-1666
-1692
-1718
-1747
-1778
-1811
-1845
-1879
-1914
-1949
-1984
-2018
-2051
-2085
-2118
-2150
-2182
-2213
-2242
-2272
-2302
-2328
-2353
-2376
-2398
-2418
-2438
-2456
-2474
-2491
-2509
-2526
-2541
-2554
-2566
-2576
-2586
-2598
-2614
-2632
-2652
-2671
-2689
-2705
-2721
-2736
-2749
-2760
-2771
-2781
-2791
-2797
-2802
-2807
-2811
-2816
-2820
-2822
-2824
-2826
-2826
-2825
-2825
-2826
-2826
-2827
-2828
-2828
-2829
-2830
-2831
-2832
-2833
-2833
-2834
-2834
-2834
-2835
-2835
-2836
-2837
-2838
-2840
-2841
-2842
-2845
-2847
-2849
-2849
-2849
-2848
-2847
-2848
-2854
-2862
-2873
-2883
-2892
-2902
-2909
-2915
-2920
-2924
-2927
-2929
-2931
-2930
-2928
-2927
-2924
-2921
-2918
-2915
-2912
-2908
-2904
-2900
-2896
-2892
-2889
-2886
-2883
-2881
-2879
-2877
-2874
-2872
-2871
-2869
-2867
-2864
-2862
-2859
-2856
-2852
-2848
-2843
-2837
-2830
-2823
-2815
-2805
-2794
-2782
-2767
-2750
-2732
-2713
-2696
-2681
-2671
-2660
-2648
-2634
-2619
-2602
-2583
-2563
-2541
-2517
-2492
-2466
-2439
-2408
-2376
-2344
-2314
-2281
-2249
-2215
-2180
-2146
-2110
-2075
-2040
-2005
-1970
-1935
-1900
-1864
-1828
-1792
-1756
-1719
-1682
-1645
-1608
-1572
-1537
-1503
-1469
-1436
-1405
-1375
-1347
-1320
-1294
-1274
-1261
-1255
-1258
-1271
-1292
-1316
-1344
-1377
-1411
-1450
-1488
-1530
-1573
-1616
-1659
-1700
-1738
-1775
-1813
-1850
-1887
-1925
-1961
-1996
-2030
-2061
-2093
-2122
-2151
-2178
-2205
-2232
-2259
-2284
-2308
-2332
-2354
-2374
-2394
-2413
-2431
-2450
-2468
-2486
-2501
-2514
-2525
-2536
-2548
-2563
-2582
-2604
-2626
-2646
-2665
-2684
-2701
-2716
-2730
-2743
-2755
-2767
-2778
-2786
-2792
-2799
-2806
-2813
-2818
-2823
-2827
-2830
-2833
-2836
-2838
-2840
-2842
-2844
-2846
-2847
-2849
-2850
-2850
-2851
-2851
-2851
-2851
-2852
-2853
-2854
-2855
-2857
-2859
-2861
-2864
-2867
-2868
-2868
-2869
-2868
-2868
-2873
-2883
-2894
-2905
-2916
-2926
-2936
-2945
-2953
-2959
-2960
-2961
-2961
-2960
-2958
-2955
-2954
-2953
-2952
-2950
-2948
-2946
-2942
-2939
-2934
-2931
-2928
-2925
-2923
-2921
-2919
-2916
-2914
-2911
-2908
-2906
-2904
-2903
-2901
-2900
-2896
-2893
-2890
-2888
-2886
-2884
-2883
-2882
-2880
-2877
-2871
-2865
-2858
-2851
-2848
-2848
-2849
-2849
-2848
-2845
-2842
-2838
-2830
-2821
-2810
-2796
-2782
-2765
-2745
-2724
-2704
-2685
-2666
-2645
-2622
-2599
-2574
-2547
-2520
-2493
-2465
-2437
-2409
-2380
-2350
-2320
-2289
-2259
-2226
-2195
-2162
-2130
-2098
-2066
-2033
-2000
-1967
-1936
-1902
-1870
-1839
-1809
-1777
-1745
-1716
-1690
-1670
-1656
-1647
-1643
-1643
-1646
-1653
-1665
-1681
-1700
-1723
-1749
-1777
-1807
-1839
-1869
-1899
-1932
-1965
-1999
-2032
-2066
-2100
-2131
-2162
-2192
-2222
-2250
-2277
-2305
-2330
-2355
-2378
-2401
-2424
-2446
-2467
-2486
-2504
-2521
-2537
-2552
-2566
-2581
-2596
-2609
-2621
-2631
-2640
-2649
-2658
-2671
-2687
-2706
-2725
-2743
-2759
-2775
-2789
-2803
-2814
-2823
-2832
-2840
-2847
-2851
-2854
-2858
-2862
-2865
-2866
-2868
-2869
-2868
-2868
-2867
-2866
-2865
-2865
-2864
-2864
-2863
-2863
-2862
-2863
-2863
-2862
-2862
-2862
-2863
-2863
-2863
-2863
-2863
-2863
-2863
-2864
-2866
-2866
-2865
-2864
-2863
-2863
-2866
-2875
-2886
-2897
-2909
-2919
-2929
-2938
-2945
-2951
-2954
-2952
-2948
-2943
-2935
-2925
-2914
-2903
-2892
-2879
-2863
-2846
-2827
-2806
-2783
-2760
-2736
-2712
-2687
-2662
-2636
-2609
-2582
-2554
-2525
-2496
-2466
-2437
-2407
-2376
-2345
-2314
-2283
-2251
-2220
-2188
-2151
-2114
-2078
-2045
-2015
-1989
-1967
-1945
-1923
-1900
-1877
-1854
-1832
-1810
-1788
-1768
-1750
-1734
-1719
-1705
-1697
-1695
-1698
-1707
-1721
-1739
-1759
-1781
-1805
-1831
-1859
-1890
-1921
-1953
-1982
-2012
-2037
-2060
-2081
-2101
-2119
-2137
-2155
-2172
-2189
-2203
-2214
-2222
-2229
-2235
-2242
-2251
-2262
-2273
-2282
-2291
-2299
-2308
-2315
-2323
-2332
-2340
-2349
-2356
-2359
-2360
-2362
-2363
-2365
-2365
-2364
-2362
-2361
-2357
-2354
-2352
-2349
-2348
-2346
-2345
-2344
-2344
-2344
-2346
-2349
-2354
-2360
-2367
-2374
-2380
-2387
-2395
-2405
-2419
-2440
-2464
-2489
-2512
-2535
-2557
-2578
-2598
-2616
-2634
-2651
-2668
-2684
-2696
-2708
-2719
-2731
-2742
-2752
-2761
-2769
-2778
-2785
-2792
-2799
-2806
-2813
-2820
-2827
-2834
-2840
-2845
-2850
-2854
-2859
-2865
-2870
-2873
-2874
-2876
-2877
-2875
-2876
-2884
-2895
-2907
-2919
-2931
-2942
-2951
-2961
-2968
-2974
-2979
-2984
-2987
-2988
-2989
-2990
-2992
-2993
-2991
-2988
-2985
-2982
-2979
-2975
-2971
-2968
-2966
-2964
-2961
-2959
-2957
-2955
-2954
-2951
-2950
-2949
-2949
-2948
-2947
-2946
-2946
-2946
-2945
-2942
-2938
-2933
-2926
-2919
-2915
-2914
-2914
-2913
-2909
-2905
-2898
-2890
-2880
-2866
-2849
-2830
-2809
-2785
-2758
-2730
-2702
-2675
-2646
-2616
-2586
-2554
-2521
-2485
-2450
-2413
-2377
-2341
-2304
-2267
-2230
-2192
-2153
-2114
-2074
-2034
-1994
-1955
-1914
-1874
-1834
-1795
-1756
-1717
-1678
-1634
-1591
-1550
-1511
-1478
-1449
-1424
-1403
-1382
-1362
-1346
-1332
-1321
-1314
-1313
-1319
-1329
-1344
-1358
-1376
-1397
-1423
-1450
-1481
-1514
-1549
-1583
-1616
-1647
-1678
-1709
-1740
-1770
-1801
-1833
-1866
-1896
-1926
-1954
-1981
-2007
-2033
-2057
-2081
-2105
-2127
-2146
-2165
-2182
-2199
-2220
-2244
-2272
-2300
-2327
-2354
-2380
-2405
-2428
-2450
-2470
-2489
-2509
-2526
-2542
-2555
-2568
-2582
-2594
-2605
-2616
-2626
-2635
-2643
-2651
-2660
-2668
-2677
-2685
-2694
-2702
-2710
-2718
-2724
-2731
-2737
-2742
-2748
-2753
-2758
-2764
-2769
-2775
-2780
-2785
-2791
-2798
-2805
-2809
-2813
-2816
-2818
-2820
-2826
-2837
-2852
-2867
-2882
-2896
-2910
-2923
-2934
-2944
-2952
-2957
-2960
-2961
-2961
-2959
-2959
-2960
-2961
-2961
-2960
-2959
-2957
-2955
-2953
-2950
-2948
-2947
-2946
-2945
-2944
-2944
-2942
-2941
-2939
-2938
-2936
-2935
-2935
-2933
-2931
-2928
-2921
-2914
-2905
-2895
-2885
-2874
-2863
-2850
-2834
-2817
-2798
-2778
-2761
-2746
-2734
-2721
-2706
-2690
-2671
-2652
-2631
-2608
-2583
-2555
-2527
-2497
-2464
-2430
-2396
-2361
-2327
-2292
-2257
-2220
-2182
-2144
-2105
-2065
-2027
-1988
-1952
-1914
-1877
-1840
-1802
-1764
-1725
-1685
-1643
-1602
-1561
-1519
-1476
-1433
-1391
-1347
-1301
-1251
-1197
-1144
-1095
-1048
-1004
-963
-925
-887
-849
-811
-773
-737
-703
-670
-636
-602
-568
-531
-492
-451
-414
-376
-341
-308
-273
-237
-199
-158
-114
-69
-19
0
0
0
0
0
0
0
0
0
0
0
0
0
0
0
0
0
0
0
0
0
0
0
0
0
0
0
0
0
0
0
0
0
0
0
0
0
0
0
0
0
0
0
0
0
0
0
0
0
0
0
0
0
0
0
0
0
0
0
0
0
0
0
0
0
0
0
0
0
0
0
0
0
0
0
0
0
0
0
0
0
0
-18
-91
-167
-240
-312
-380
-445
-508
-571
-633
-695
-756
-814
-870
-923
-974
-1023
-1072
-1121
-1172
-1220
-1266
-1308
-1349
-1388
-1427
-1466
-1508
-1556
-1604
-1653
-1700
-1744
-1787
-1828
-1866
-1903
-1939
-1975
-2010
-2044
-2072
-2101
-2129
-2158
-2184
-2210
-2235
-2259
-2283
-2306
-2328
-2349
-2369
-2390
-2409
-2428
-2445
-2462
-2477
-2491
-2504
-2517
-2529
-2541
-2554
-2565
-2575
-2585
-2594
-2603
-2611
-2620
-2628
-2635
-2643
-2651
-2658
-2667
-2676
-2686
-2694
-2701
-2706
-2711
-2714
-2719
-2727
-2740
-2754
-2768
-2781
-2793
-2806
-2817
-2827
-2835
-2842
-2848
-2853
-2856
-2857
-2858
-2859
-2861
-2863
-2863
-2864
-2864
-2864
-2864
-2864
-2863
-2862
-2863
-2863
-2864
-2865
-2866
-2867
-2868
-2870
-2871
-2872
-2873
-2875
-2876
-2877
-2878
-2879
-2878
-2877
-2876
-2875
-2873
-2873
-2872
-2871
-2870
-2868
-2868
-2867
-2866
-2863
-2862
-2860
-2860
-2863
-2870
-2880
-2889
-2899
-2908
-2917
-2926
-2933
-2939
-2943
-2946
-2947
-2946
-2943
-2940
-2939
-2938
-2938
-2938
-2937
-2936
-2933
-2930
-2928
-2927
-2926
-2926
-2926
-2925
-2925
-2924
-2923
-2921
-2920
-2919
-2918
-2917
-2916
-2915
-2915
-2914
-2910
-2908
-2906
-2904
-2903
-2902
-2902
-2903
-2904
-2906
-2904
-2902
-2901
-2899
-2898
-2900
-2906
-2915
-2923
-2932
-2940
-2949
-2957
-2964
-2969
-2973
-2976
-2978
-2979
-2977
-2971
-2966
-2963
-2960
-2956
-2954
-2950
-2946
-2941
-2935
-2930
-2926
-2922
-2919
-2916
-2913
-2910
-2908
-2906
-2903
-2900
-2898
-2896
-2894
-2892
-2891
-2889
-2889
-2887
-2886
-2883
-2881
-2879
-2878
-2878
-2878
-2878
-2879
-2879
-2876
-2874
-2871
-2868
-2868
-2872
-2876
-2880
-2882
-2884
-2883
-2881
-2875
-2868
-2858
-2846
-2833
-2817
-2797
-2775
-2752
-2730
-2706
-2680
-2653
-2625
-2595
-2564
-2533
-2502
-2471
-2441
-2408
-2376
-2343
-2310
-2275
-2242
-2206
-2172
-2136
-2099
-2063
-2028
-1991
-1956
-1919
-1882
-1842
-1804
-1765
-1728
-1692
-1654
-1612
-1573
-1537
-1507
-1480
-1457
-1438
-1422
-1404
-1387
-1370
-1354
-1337
-1321
-1304
-1288
-1271
-1254
-1236
-1217
-1199
-1183
-1167
-1153
-1139
-1123
-1106
-1091
-1076
-1059
-1043
-1028
-1013
-999
-987
-975
-963
-953
-943
-933
-922
-911
-900
-889
-876
-862
-848
-832
-813
-795
-779
-764
-754
-746
-741
-735
-730
-725
-719
-713
-708
-703
-700
-700
-703
-708
-717
-730
-746
-765
-786
-809
-834
-861
-889
-919
-952
-990
-1028
-1069
-1112
-1155
-1200
-1244
-1287
-1330
-1372
-1415
-1458
-1502
-1545
-1585
-1622
-1656
-1687
-1718
-1752
-1789
-1830
-1872
-1914
-1955
-1995
-2034
-2070
-2104
-2136
-2169
-2199
-2229
-2256
-2280
-2303
-2326
-2348
-2370
-2391
-2413
-2433
-2451
-2469
-2486
-2501
-2516
-2530
-2544
-2557
-2572
-2584
-2596
-2607
-2617
-2626
-2635
-2644
-2653
-2662
-2672
-2682
-2693
-2702
-2709
-2716
-2722
-2727
-2734
-2745
-2760
-2776
-2791
-2805
-2819
-2831
-2844
-2854
-2864
-2872
-2879
-2885
-2889
-2892
-2894
-2897
-2900
-2903
-2905
-2906
-2905
-2903
-2901
-2899
-2898
-2897
-2897
-2896
-2896
-2896
-2893
-2891
-2889
-2888
-2886
-2885
-2885
-2885
-2884
-2884
-2883
-2883
-2884
-2884
-2885
-2886
-2889
-2890
-2891
-2890
-2889
-2887
-2887
-2889
-2895
-2902
-2910
-2918
-2925
-2931
-2936
-2939
-2941
-2942
-2943
-2943
-2943
-2941
-2937
-2935
-2933
-2931
-2928
-2925
-2922
-2919
-2914
-2908
-2904
-2899
-2894
-2889
-2884
-2879
-2873
-2866
-2859
-2850
-2841
-2830
-2818
-2804
-2791
-2776
-2761
-2745
-2730
-2713
-2696
-2679
-2662
-2644
-2623
-2600
-2576
-2552
-2529
-2510
-2492
-2477
-2462
-2444
-2426
-2406
-2386
-2363
-2339
-2314
-2289
-2263
-2236
-2208
-2177
-2148
-2120
-2092
-2064
-2036
-2006
-1977
-1948
-1919
-1889
-1861
-1833
-1808
-1783
-1759
-1737
-1716
-1695
-1675
-1655
-1634
-1616
-1598
-1582
-1567
-1555
-1546
-1541
-1537
-1531
-1528
-1529
-1533
-1540
-1551
-1568
-1588
-1607
-1626
-1644
-1660
-1676
-1691
-1706
-1721
-1738
-1753
-1769
-1783
-1796
-1811
-1827
-1843
-1860
-1876
-1892
-1908
-1925
-1942
-1959
-1976
-1995
-2013
-2032
-2051
-2070
-2090
-2111
-2131
-2150
-2169
-2187
-2206
-2224
-2243
-2262
-2279
-2296
-2311
-2325
-2340
-2357
-2377
-2401
-2425
-2447
-2469
-2490
-2510
-2530
-2547
-2563
-2578
-2592
-2606
-2619
-2629
-2640
-2651
-2662
-2672
-2682
-2691
-2699
-2706
-2713
-2721
-2729
-2737
-2744
-2752
-2760
-2766
-2773
-2779
-2785
-2789
-2793
-2797
-2801
-2805
-2810
-2813
-2817
-2821
-2825
-2830
-2836
-2842
-2847
-2849
-2852
-2853
-2855
-2860
-2869
-2881
-2893
-2904
-2915
-2925
-2934
-2942
-2949
-2955
-2959
-2961
-2960
-2958
-2954
-2952
-2951
-2950
-2949
-2948
-2946
-2944
-2939
-2934
-2929
-2925
-2922
-2919
-2917
-2915
-2913
-2911
-2909
-2907
-2905
-2903
-2902
-2901
-2900
-2900
-2899
-2898
-2896
-2895
-2895
-2894
-2894
-2892
-2889
-2884
-2878
-2870
-2862
-2858
-2855
-2853
-2850
-2846
-2841
-2835
-2827
-2819
-2811
-2800
-2789
-2776
-2760
-2741
-2723
-2704
-2684
-2665
-2643
-2623
-2600
-2575
-2549
-2523
-2497
-2471
-2445
-2418
-2392
-2365
-2337
-2309
-2281
-2252
-2223
-2194
-2165
-2135
-2104
-2071
-2040
-2009
-1978
-1947
-1914
-1879
-1846
-1815
-1789
-1765
-1746
-1727
-1708
-1686
-1664
-1640
-1616
-1591
-1567
-1544
-1522
-1500
-1479
-1458
-1439
-1424
-1411
-1401
-1393
-1386
-1380
-1374
-1368
-1364
-1360
-1358
-1357
-1361
-1367
-1376
-1385
-1393
-1402
-1411
-1419
-1427
-1437
-1447
-1460
-1471
-1480
-1489
-1502
-1516
-1533
-1553
-1578
-1604
-1632
-1660
-1687
-1715
-1742
-1769
-1796
-1823
-1851
-1879
-1906
-1929
-1952
-1974
-1997
-2019
-2041
-2063
-2083
-2102
-2121
-2139
-2157
-2176
-2193
-2212
-2229
-2248
-2264
-2282
-2299
-2317
-2334
-2351
-2367
-2383
-2398
-2413
-2428
-2441
-2453
-2464
-2476
-2489
-2504
-2523
-2544
-2566
-2585
-2606
-2624
-2642
-2660
-2675
-2690
-2703
-2716
-2728
-2736
-2744
-2752
-2761
-2769
-2776
-2782
-2787
-2792
-2795
-2798
-2802
-2807
-2811
-2816
-2820
-2824
-2828
